Supplemental results for CODEML (seqf: ../../gcn4_ygob_nt_muscle.phy  treef: ./tree_unrooted_pos_selection.nwk)


TREE #  1


dN/dS (w) for site classes (K=4)

site class             0        1       2a       2b
proportion       0.58042  0.29046  0.08606  0.04307
background w     0.07826  1.00000  0.07826  1.00000
foreground w     0.07826  1.00000  1.00000  1.00000

Naive Empirical Bayes (NEB) probabilities for 4 classes
(amino acids refer to 1st sequence: YEL009C)

   1 P   0.00000 0.87087 0.00000 0.12913 ( 2)
   2 S   0.00000 0.87087 0.00000 0.12913 ( 2)
   3 L   0.00107 0.86985 0.00010 0.12898 ( 2)
   4 F   0.52372 0.00000 0.47628 0.00000 ( 1)
   5 E   0.00009 0.87079 0.00001 0.12912 ( 2)
   6 D   0.00000 0.87087 0.00000 0.12913 ( 2)
   7 P   0.00004 0.87083 0.00000 0.12912 ( 2)
   8 I   0.00000 0.87087 0.00000 0.12913 ( 2)
   9 I   0.00000 0.87087 0.00000 0.12913 ( 2)
  10 K   0.00000 0.87087 0.00000 0.12913 ( 2)
  11 E   0.81039 0.11772 0.05443 0.01746 ( 1)
  12 L   0.00377 0.86363 0.00454 0.12806 ( 2)
  13 D   0.94087 0.00101 0.05796 0.00015 ( 1)
  14 D   0.06096 0.00558 0.93263 0.00083 ( 3)
  15 A   0.00016 0.87072 0.00001 0.12911 ( 2)
  16 T   0.93139 0.00000 0.06861 0.00000 ( 1)
  17 P   0.93125 0.00000 0.06875 0.00000 ( 1)
  18 M   0.94376 0.00000 0.05624 0.00000 ( 1)
  19 F   0.93952 0.00000 0.06048 0.00000 ( 1)
  20 E   0.33879 0.00000 0.66121 0.00000 ( 3)
  21 Y   0.91893 0.02092 0.05705 0.00310 ( 1)
  22 E   0.93706 0.00000 0.06293 0.00000 ( 1)
  23 N   0.00000 0.87087 0.00000 0.12913 ( 2)
  24 L   0.00000 0.87087 0.00000 0.12913 ( 2)
  25 E   0.55328 0.00212 0.44429 0.00031 ( 1)
  26 N   0.90941 0.00265 0.08755 0.00039 ( 1)
  27 S   0.08512 0.79078 0.00684 0.11725 ( 2)
  28 K   0.00027 0.87062 0.00002 0.12909 ( 2)
  29 E   0.00000 0.87087 0.00000 0.12913 ( 2)
  30 W   0.93300 0.00000 0.06700 0.00000 ( 1)
  31 T   0.55371 0.35314 0.04079 0.05236 ( 1)
  32 S   0.50783 0.00000 0.49217 0.00000 ( 1)
  33 L   0.91980 0.00000 0.08020 0.00000 ( 1)
  34 F   0.94012 0.00000 0.05988 0.00000 ( 1)
  35 D   0.94189 0.00000 0.05811 0.00000 ( 1)
  36 N   0.94161 0.00000 0.05839 0.00000 ( 1)
  37 D   0.94031 0.00000 0.05969 0.00000 ( 1)
  38 I   0.93587 0.00000 0.06413 0.00000 ( 1)
  39 P   0.47507 0.00109 0.52368 0.00016 ( 3)
  40 V   0.93139 0.00000 0.06861 0.00000 ( 1)
  41 T   0.04535 0.82847 0.00334 0.12284 ( 2)
  42 T   0.00001 0.87086 0.00001 0.12913 ( 2)
  43 D   0.00117 0.86964 0.00024 0.12895 ( 2)
  44 D   0.94121 0.00000 0.05879 0.00000 ( 1)
  45 V   0.93139 0.00000 0.06861 0.00000 ( 1)
  46 I   0.00080 0.87013 0.00005 0.12902 ( 2)
  47 E   0.75733 0.16704 0.05086 0.02477 ( 1)
  48 S   0.00000 0.87087 0.00000 0.12913 ( 2)
  49 T   0.00085 0.87008 0.00006 0.12901 ( 2)
  50 E   0.00000 0.87087 0.00000 0.12913 ( 2)
  51 E   0.00003 0.87083 0.00002 0.12912 ( 2)
  52 V   0.00000 0.87087 0.00000 0.12913 ( 2)
  53 S   0.00000 0.87087 0.00000 0.12913 ( 2)
  54 T   0.00000 0.87087 0.00000 0.12913 ( 2)
  55 T   0.00000 0.87087 0.00000 0.12913 ( 2)
  56 S   0.22035 0.46366 0.24724 0.06875 ( 2)
  57 F   0.93945 0.00000 0.06055 0.00000 ( 1)
  58 L   0.92010 0.00000 0.07990 0.00000 ( 1)
  59 P   0.93125 0.00000 0.06875 0.00000 ( 1)
  60 T   0.93139 0.00000 0.06861 0.00000 ( 1)
  61 P   0.93126 0.00000 0.06874 0.00000 ( 1)
  62 V   0.01096 0.85207 0.01063 0.12634 ( 2)
  63 L   0.93326 0.00346 0.06276 0.00051 ( 1)
  64 E   0.93707 0.00000 0.06293 0.00000 ( 1)
  65 D   0.94144 0.00041 0.05809 0.00006 ( 1)
  66 A   0.07505 0.72871 0.08819 0.10805 ( 2)
  67 K   0.00108 0.86987 0.00007 0.12898 ( 2)
  68 L   0.22550 0.00528 0.76843 0.00078 ( 3)
  69 T   0.00000 0.87087 0.00000 0.12913 ( 2)
  70 Q   0.00000 0.87087 0.00000 0.12913 ( 2)
  71 T   0.00000 0.87087 0.00000 0.12913 ( 2)
  72 D   0.00000 0.87087 0.00000 0.12913 ( 2)
  73 D   0.00000 0.87087 0.00000 0.12913 ( 2)
  74 E   0.00000 0.87087 0.00000 0.12913 ( 2)
  75 S   0.00000 0.87087 0.00000 0.12913 ( 2)
  76 R   0.93695 0.00000 0.06305 0.00000 ( 1)
  77 L   0.00061 0.87029 0.00006 0.12904 ( 2)
  78 D   0.94198 0.00000 0.05802 0.00000 ( 1)
  79 H   0.93056 0.00000 0.06944 0.00000 ( 1)
  80 L   0.92010 0.00000 0.07990 0.00000 ( 1)
  81 G   0.92851 0.00000 0.07149 0.00000 ( 1)
  82 V   0.51771 0.00000 0.48229 0.00000 ( 1)
  83 V   0.53080 0.00000 0.46920 0.00000 ( 1)
  84 A   0.00021 0.86877 0.00220 0.12882 ( 2)
  85 Y   0.93161 0.00000 0.06839 0.00000 ( 1)
  86 N   0.94158 0.00000 0.05842 0.00000 ( 1)
  87 R   0.93119 0.00000 0.06881 0.00000 ( 1)
  88 K   0.93710 0.00000 0.06290 0.00000 ( 1)
  89 Q   0.00002 0.87085 0.00000 0.12913 ( 2)
  90 R   0.93128 0.00000 0.06872 0.00000 ( 1)
  91 S   0.03089 0.84198 0.00229 0.12484 ( 2)
  92 I   0.00147 0.86949 0.00011 0.12892 ( 2)
  93 P   0.93127 0.00000 0.06873 0.00000 ( 1)
  94 L   0.91979 0.00000 0.08021 0.00000 ( 1)
  95 S   0.93139 0.00000 0.06861 0.00000 ( 1)
  96 P   0.93125 0.00000 0.06875 0.00000 ( 1)
  97 I   0.51707 0.00000 0.48293 0.00000 ( 1)
  98 V   0.91225 0.02294 0.06140 0.00340 ( 1)
  99 P   0.92928 0.00198 0.06845 0.00029 ( 1)
 100 E   0.93707 0.00000 0.06293 0.00000 ( 1)
 101 S   0.93118 0.00011 0.06869 0.00002 ( 1)
 102 S   0.94190 0.00005 0.05804 0.00001 ( 1)
 103 D   0.93940 0.00000 0.06060 0.00000 ( 1)
 104 P   0.93125 0.00000 0.06875 0.00000 ( 1)
 105 A   0.92959 0.00168 0.06848 0.00025 ( 1)
 106 A   0.91184 0.00001 0.08815 0.00000 ( 1)
 107 L   0.92577 0.00048 0.07368 0.00007 ( 1)
 108 K   0.93705 0.00000 0.06295 0.00000 ( 1)
 109 R   0.93129 0.00000 0.06871 0.00000 ( 1)
 110 A   0.93136 0.00000 0.06864 0.00000 ( 1)
 111 R   0.93140 0.00001 0.06859 0.00000 ( 1)
 112 N   0.93960 0.00000 0.06040 0.00000 ( 1)
 113 T   0.93139 0.00000 0.06861 0.00000 ( 1)
 114 E   0.93433 0.00000 0.06567 0.00000 ( 1)
 115 A   0.93139 0.00000 0.06861 0.00000 ( 1)
 116 A   0.93134 0.00000 0.06866 0.00000 ( 1)
 117 R   0.93141 0.00000 0.06859 0.00000 ( 1)
 118 R   0.93128 0.00000 0.06872 0.00000 ( 1)
 119 S   0.93109 0.00000 0.06891 0.00000 ( 1)
 120 R   0.93094 0.00000 0.06906 0.00000 ( 1)
 121 A   0.93139 0.00000 0.06861 0.00000 ( 1)
 122 R   0.93141 0.00000 0.06859 0.00000 ( 1)
 123 K   0.93472 0.00000 0.06528 0.00000 ( 1)
 124 L   0.91862 0.00000 0.08137 0.00000 ( 1)
 125 Q   0.51020 0.00000 0.48980 0.00000 ( 1)
 126 R   0.93141 0.00000 0.06859 0.00000 ( 1)
 127 M   0.95062 0.00000 0.04938 0.00000 ( 1)
 128 K   0.94152 0.00000 0.05848 0.00000 ( 1)
 129 Q   0.93263 0.00000 0.06737 0.00000 ( 1)
 130 L   0.87069 0.00000 0.12931 0.00000 ( 1)
 131 E   0.93707 0.00000 0.06293 0.00000 ( 1)
 132 D   0.87933 0.05806 0.05401 0.00861 ( 1)
 133 K   0.93007 0.00000 0.06993 0.00000 ( 1)
 134 V   0.93139 0.00000 0.06861 0.00000 ( 1)
 135 E   0.93673 0.00000 0.06327 0.00000 ( 1)
 136 E   0.50709 0.00521 0.48692 0.00077 ( 1)
 137 L   0.92006 0.00000 0.07994 0.00000 ( 1)
 138 L   0.92069 0.00000 0.07930 0.00000 ( 1)
 139 S   0.00000 0.87087 0.00000 0.12913 ( 2)
 140 K   0.93019 0.00114 0.06850 0.00017 ( 1)
 141 N   0.94188 0.00000 0.05812 0.00000 ( 1)
 142 Y   0.00001 0.87085 0.00001 0.12913 ( 2)
 143 H   0.78326 0.14294 0.05260 0.02119 ( 1)
 144 L   0.91834 0.00000 0.08166 0.00000 ( 1)
 145 E   0.93706 0.00000 0.06294 0.00000 ( 1)
 146 N   0.00053 0.87001 0.00046 0.12900 ( 2)
 147 E   0.93707 0.00000 0.06293 0.00000 ( 1)
 148 V   0.93139 0.00000 0.06861 0.00000 ( 1)
 149 A   0.00000 0.87087 0.00000 0.12913 ( 2)
 150 R   0.93140 0.00000 0.06859 0.00000 ( 1)
 151 L   0.91644 0.00000 0.08356 0.00000 ( 1)
 152 K   0.23932 0.42872 0.26839 0.06357 ( 2)
 153 K   0.00000 0.87087 0.00000 0.12913 ( 2)
 154 L   0.91993 0.00003 0.08004 0.00000 ( 1)
 155 V   0.91978 0.00000 0.08022 0.00000 ( 1)
 156 G   0.00000 0.87087 0.00000 0.12913 ( 2)
 157 E   0.00000 0.87087 0.00000 0.12913 ( 2)
 158 R   0.00000 0.87087 0.00000 0.12913 ( 2)


lnL = -7436.511269

Bayes Empirical Bayes (BEB) probabilities for 4 classes (class)
(amino acids refer to 1st sequence: YEL009C)

   1 P   0.00000 0.90170 0.00000 0.09830 ( 2)
   2 S   0.00000 0.95260 0.00000 0.04740 ( 2)
   3 L   0.00003 0.93528 0.00000 0.06468 ( 2)
   4 F   0.62015 0.00001 0.37983 0.00000 ( 1)
   5 E   0.00000 0.95530 0.00000 0.04470 ( 2)
   6 D   0.00000 0.92468 0.00000 0.07532 ( 2)
   7 P   0.00000 0.95218 0.00000 0.04782 ( 2)
   8 I   0.00000 0.89054 0.00000 0.10946 ( 2)
   9 I   0.00000 0.94942 0.00000 0.05058 ( 2)
  10 K   0.00000 0.89975 0.00000 0.10025 ( 2)
  11 E   0.18567 0.77452 0.00378 0.03603 ( 2)
  12 L   0.00026 0.91139 0.00039 0.08797 ( 2)
  13 D   0.96544 0.01614 0.01768 0.00074 ( 1)
  14 D   0.01841 0.02059 0.95697 0.00403 ( 3)
  15 A   0.00000 0.95259 0.00000 0.04741 ( 2)
  16 T   0.97622 0.00000 0.02378 0.00000 ( 1)
  17 P   0.97554 0.00000 0.02446 0.00000 ( 1)
  18 M   0.98123 0.00000 0.01877 0.00000 ( 1)
  19 F   0.97913 0.00000 0.02087 0.00000 ( 1)
  20 E   0.27212 0.00000 0.72788 0.00000 ( 3)
  21 Y   0.69621 0.27755 0.01309 0.01315 ( 1)
  22 E   0.97964 0.00001 0.02034 0.00000 ( 1)
  23 N   0.00000 0.92703 0.00000 0.07297 ( 2)
  24 L   0.00000 0.93448 0.00000 0.06552 ( 2)
  25 E   0.64834 0.01835 0.33248 0.00083 ( 1)
  26 N   0.91972 0.04290 0.03490 0.00248 ( 1)
  27 S   0.00331 0.94263 0.00010 0.05396 ( 2)
  28 K   0.00000 0.94722 0.00000 0.05278 ( 2)
  29 E   0.00000 0.92630 0.00000 0.07370 ( 2)
  30 W   0.97801 0.00000 0.02199 0.00000 ( 1)
  31 T   0.06772 0.88675 0.00161 0.04392 ( 2)
  32 S   0.57982 0.00000 0.42018 0.00000 ( 1)
  33 L   0.96741 0.00000 0.03259 0.00000 ( 1)
  34 F   0.97981 0.00000 0.02019 0.00000 ( 1)
  35 D   0.98193 0.00000 0.01807 0.00000 ( 1)
  36 N   0.98168 0.00000 0.01832 0.00000 ( 1)
  37 D   0.98020 0.00000 0.01980 0.00000 ( 1)
  38 I   0.97814 0.00000 0.02185 0.00000 ( 1)
  39 P   0.49374 0.00939 0.49605 0.00082 ( 3)
  40 V   0.97613 0.00001 0.02386 0.00000 ( 1)
  41 T   0.00179 0.95041 0.00004 0.04776 ( 2)
  42 T   0.00000 0.91658 0.00000 0.08342 ( 2)
  43 D   0.00001 0.94120 0.00000 0.05878 ( 2)
  44 D   0.98119 0.00000 0.01881 0.00000 ( 1)
  45 V   0.97621 0.00001 0.02378 0.00000 ( 1)
  46 I   0.00001 0.95447 0.00000 0.04552 ( 2)
  47 E   0.18906 0.77123 0.00384 0.03587 ( 2)
  48 S   0.00000 0.91932 0.00000 0.08068 ( 2)
  49 T   0.00001 0.94420 0.00000 0.05579 ( 2)
  50 E   0.00000 0.90515 0.00000 0.09485 ( 2)
  51 E   0.00000 0.93089 0.00000 0.06911 ( 2)
  52 V   0.00000 0.91886 0.00000 0.08114 ( 2)
  53 S   0.00000 0.91203 0.00000 0.08797 ( 2)
  54 T   0.00000 0.92743 0.00000 0.07257 ( 2)
  55 T   0.00000 0.95082 0.00000 0.04918 ( 2)
  56 S   0.01907 0.85601 0.02619 0.09872 ( 2)
  57 F   0.97906 0.00000 0.02094 0.00000 ( 1)
  58 L   0.96977 0.00000 0.03023 0.00000 ( 1)
  59 P   0.97554 0.00000 0.02446 0.00000 ( 1)
  60 T   0.97619 0.00000 0.02381 0.00000 ( 1)
  61 P   0.97545 0.00000 0.02455 0.00000 ( 1)
  62 V   0.00023 0.91534 0.00022 0.08420 ( 2)
  63 L   0.93726 0.04115 0.01962 0.00197 ( 1)
  64 E   0.97966 0.00000 0.02034 0.00000 ( 1)
  65 D   0.97681 0.00498 0.01798 0.00023 ( 1)
  66 A   0.00292 0.89114 0.00413 0.10181 ( 2)
  67 K   0.00002 0.95470 0.00000 0.04528 ( 2)
  68 L   0.15587 0.01661 0.82535 0.00217 ( 3)
  69 T   0.00000 0.93183 0.00000 0.06817 ( 2)
  70 Q   0.00000 0.94446 0.00000 0.05554 ( 2)
  71 T   0.00000 0.92530 0.00000 0.07470 ( 2)
  72 D   0.00000 0.90434 0.00000 0.09566 ( 2)
  73 D   0.00000 0.78955 0.00000 0.21045 ( 2)
  74 E   0.00000 0.83036 0.00000 0.16964 ( 2)
  75 S   0.00000 0.79404 0.00000 0.20596 ( 2)
  76 R   0.97960 0.00000 0.02040 0.00000 ( 1)
  77 L   0.00001 0.93538 0.00000 0.06460 ( 2)
  78 D   0.98203 0.00000 0.01797 0.00000 ( 1)
  79 H   0.97440 0.00000 0.02560 0.00000 ( 1)
  80 L   0.96979 0.00000 0.03021 0.00000 ( 1)
  81 G   0.97257 0.00000 0.02743 0.00000 ( 1)
  82 V   0.59288 0.00000 0.40712 0.00000 ( 1)
  83 V   0.58693 0.00000 0.41307 0.00000 ( 1)
  84 A   0.00000 0.84465 0.00010 0.15525 ( 2)
  85 Y   0.97639 0.00000 0.02361 0.00000 ( 1)
  86 N   0.98165 0.00000 0.01835 0.00000 ( 1)
  87 R   0.97614 0.00000 0.02386 0.00000 ( 1)
  88 K   0.97987 0.00000 0.02013 0.00000 ( 1)
  89 Q   0.00000 0.95407 0.00000 0.04593 ( 2)
  90 R   0.97622 0.00000 0.02378 0.00000 ( 1)
  91 S   0.00107 0.94396 0.00003 0.05494 ( 2)
  92 I   0.00003 0.94932 0.00000 0.05064 ( 2)
  93 P   0.97534 0.00000 0.02466 0.00000 ( 1)
  94 L   0.96873 0.00000 0.03127 0.00000 ( 1)
  95 S   0.97609 0.00000 0.02390 0.00000 ( 1)
  96 P   0.97552 0.00000 0.02448 0.00000 ( 1)
  97 I   0.59290 0.00000 0.40710 0.00000 ( 1)
  98 V   0.73468 0.23833 0.01530 0.01169 ( 1)
  99 P   0.95885 0.01682 0.02347 0.00086 ( 1)
 100 E   0.97966 0.00000 0.02034 0.00000 ( 1)
 101 S   0.97548 0.00061 0.02388 0.00003 ( 1)
 102 S   0.98164 0.00035 0.01799 0.00002 ( 1)
 103 D   0.97921 0.00000 0.02079 0.00000 ( 1)
 104 P   0.97553 0.00000 0.02447 0.00000 ( 1)
 105 A   0.96234 0.01341 0.02355 0.00069 ( 1)
 106 A   0.96069 0.00003 0.03927 0.00000 ( 1)
 107 L   0.96849 0.00246 0.02889 0.00016 ( 1)
 108 K   0.97982 0.00000 0.02018 0.00000 ( 1)
 109 R   0.97622 0.00000 0.02378 0.00000 ( 1)
 110 A   0.97515 0.00000 0.02485 0.00000 ( 1)
 111 R   0.97654 0.00001 0.02345 0.00000 ( 1)
 112 N   0.97939 0.00000 0.02061 0.00000 ( 1)
 113 T   0.97585 0.00000 0.02415 0.00000 ( 1)
 114 E   0.97655 0.00000 0.02345 0.00000 ( 1)
 115 A   0.97593 0.00000 0.02407 0.00000 ( 1)
 116 A   0.97583 0.00000 0.02417 0.00000 ( 1)
 117 R   0.97655 0.00000 0.02345 0.00000 ( 1)
 118 R   0.97621 0.00000 0.02379 0.00000 ( 1)
 119 S   0.97571 0.00000 0.02429 0.00000 ( 1)
 120 R   0.97594 0.00000 0.02406 0.00000 ( 1)
 121 A   0.97594 0.00000 0.02406 0.00000 ( 1)
 122 R   0.97655 0.00000 0.02345 0.00000 ( 1)
 123 K   0.97683 0.00000 0.02317 0.00000 ( 1)
 124 L   0.96450 0.00001 0.03549 0.00000 ( 1)
 125 Q   0.57701 0.00000 0.42299 0.00000 ( 1)
 126 R   0.97655 0.00000 0.02345 0.00000 ( 1)
 127 M   0.98614 0.00000 0.01386 0.00000 ( 1)
 128 K   0.98158 0.00000 0.01842 0.00000 ( 1)
 129 Q   0.97735 0.00000 0.02265 0.00000 ( 1)
 130 L   0.89817 0.00000 0.10183 0.00000 ( 1)
 131 E   0.97966 0.00000 0.02034 0.00000 ( 1)
 132 D   0.43535 0.53293 0.00777 0.02396 ( 2)
 133 K   0.97313 0.00000 0.02687 0.00000 ( 1)
 134 V   0.97617 0.00000 0.02383 0.00000 ( 1)
 135 E   0.97927 0.00000 0.02073 0.00000 ( 1)
 136 E   0.51884 0.08752 0.38709 0.00656 ( 1)
 137 L   0.96971 0.00000 0.03029 0.00000 ( 1)
 138 L   0.96807 0.00000 0.03193 0.00000 ( 1)
 139 S   0.00000 0.93070 0.00000 0.06930 ( 2)
 140 K   0.96734 0.00899 0.02322 0.00045 ( 1)
 141 N   0.98199 0.00000 0.01801 0.00000 ( 1)
 142 Y   0.00000 0.90818 0.00000 0.09181 ( 2)
 143 H   0.16877 0.79097 0.00343 0.03683 ( 2)
 144 L   0.96547 0.00000 0.03453 0.00000 ( 1)
 145 E   0.97965 0.00000 0.02035 0.00000 ( 1)
 146 N   0.00000 0.92027 0.00000 0.07972 ( 2)
 147 E   0.97965 0.00000 0.02035 0.00000 ( 1)
 148 V   0.97616 0.00000 0.02384 0.00000 ( 1)
 149 A   0.00000 0.89376 0.00000 0.10624 ( 2)
 150 R   0.97655 0.00001 0.02345 0.00000 ( 1)
 151 L   0.96178 0.00000 0.03822 0.00000 ( 1)
 152 K   0.01660 0.88652 0.01993 0.07696 ( 2)
 153 K   0.00000 0.94126 0.00000 0.05874 ( 2)
 154 L   0.96856 0.00005 0.03139 0.00000 ( 1)
 155 V   0.96813 0.00000 0.03187 0.00000 ( 1)
 156 G   0.00000 0.93303 0.00000 0.06697 ( 2)
 157 E   0.00000 0.92925 0.00000 0.07075 ( 2)
 158 R   0.00000 0.93124 0.00000 0.06876 ( 2)

Ancestral reconstruction by CODONML.

(ZYRO0D091: 5.063975, (((SAKL0F050: 0.648461, (Kwal_55.2: 0.577742, KLTH0F127: 0.900332): 0.866511): 0.453522, (((TPHA0L006: 0.736105, Kpol_487.: 0.696175): 0.267000, (((ADL012C: 1.041256, Ecym_4497: 1.107073): 0.799801, KLLA0D141: 1.293313): 0.327365, TBLA0A009: 1.068123): 0.000004): 0.105326, (NCAS0I001: 0.416728, NDAI0A086: 0.517275): 0.481275): 0.048708): 0.063016, (KNAG0L008: 1.516813, (Skud_5.91: 0.202270, (Suva_5.73: 0.268663, (YEL009C: 0.212037, Smik_5.10: 0.208903): 0.104298): 0.046092): 0.459353): 0.215019): 0.106247, (CAGL0L024: 1.430332, (TDEL0H029: 2.096776, KAFR0L005: 0.874392): 0.184522): 0.131627);

(13, (((18, (20, 19)), (((11, 12), (((16, 17), 15), 10)), (8, 9))), (7, (3, (4, (1, 2))))), (5, (14, 6)));

  21..13   21..22   22..23   23..24   24..18   24..25   25..20   25..19   23..26   26..27   27..28   28..11   28..12   27..29   29..30   30..31   31..16   31..17   30..15   29..10   26..32   32..8    32..9    22..33   33..7    33..34   34..3    34..35   35..4    35..36   36..1    36..2    21..37   37..5    37..38   38..14   38..6  

tree with node labels for Rod Page's TreeView
(13_ZYRO0D091, (((18_SAKL0F050, (20_Kwal_55.2, 19_KLTH0F127) 25 ) 24 , (((11_TPHA0L006, 12_Kpol_487.) 28 , (((16_ADL012C, 17_Ecym_4497) 31 , 15_KLLA0D141) 30 , 10_TBLA0A009) 29 ) 27 , (8_NCAS0I001, 9_NDAI0A086) 32 ) 26 ) 23 , (7_KNAG0L008, (3_Skud_5.91, (4_Suva_5.73, (1_YEL009C, 2_Smik_5.10) 36 ) 35 ) 34 ) 33 ) 22 , (5_CAGL0L024, (14_TDEL0H029, 6_KAFR0L005) 38 ) 37 ) 21 ;

Nodes 21 to 38 are ancestral

(1) Marginal reconstruction of ancestral sequences
(eqn. 4 in Yang et al. 1995 Genetics 141:1641-1650).

Prob of best state at each node, listed by site

   site   Freq   Data: 

   1      1   CCA (P) CCA (P) CGA (R) CCA (P) ATG (M) TAC (Y) CCA (P) CAA (Q) CTT (L) ATG (M) TCC (S) CCA (P) CAA (Q) ATG (M) ATG (M) ATT (I) GCA (A) CAG (Q) CCT (P) CCT (P) :  CCA P 0.311 (P 0.498) CCA P 0.458 (P 0.642) CCA P 0.447 (P 0.638) CCG P 0.287 (P 0.583) CCT P 0.762 (P 0.897) CCA P 0.437 (P 0.619) CCA P 0.380 (P 0.560) CCA P 0.489 (P 0.698) CCA P 0.380 (P 0.560) CCA P 0.138 (L 0.246) ACA T 0.125 (T 0.224) CTA L 0.364 (L 0.481) CCA P 0.654 (P 0.770) CCA P 0.914 (P 0.915) CCA P 0.989 (P 0.989) CCA P 0.998 (P 0.999) CCA P 0.178 (P 0.346) CCA P 0.093 (L 0.292)
   2      1   AGT (S) AGT (S) AGT (S) AGT (S) AAA (K) AAC (N) AGT (S) AGT (S) CTT (L) TCA (S) AAT (N) AAT (N) AGT (S) TCT (S) AAC (N) TCG (S) AGT (S) TCC (S) TCT (S) TCC (S) :  AAT N 0.489 (N 0.542) AAT N 0.479 (N 0.501) AAT N 0.477 (N 0.498) TCT S 0.256 (S 0.532) TCC S 0.487 (S 0.876) AAT N 0.494 (N 0.510) AAT N 0.575 (N 0.594) AAT N 0.835 (N 0.848) AAT N 0.575 (N 0.594) AAT N 0.431 (N 0.514) AGT S 0.194 (S 0.273) AGT S 0.503 (S 0.508) AGT S 0.661 (S 0.679) AGT S 0.997 (S 0.997) AGT S 0.999 (S 0.999) AGT S 0.999 (S 1.000) AAT N 0.497 (N 0.595) AAT N 0.445 (N 0.603)
   3      1   TTA (L) TTA (L) TTA (L) TTA (L) ATG (M) ATT (I) TTA (L) TTG (L) CTG (L) ACT (T) CTA (L) TTG (L) TTA (L) GTC (V) CTA (L) ATG (M) GCG (A) ATT (I) TTA (L) CTT (L) :  TTA L 0.364 (L 0.691) TTA L 0.482 (L 0.856) TTA L 0.447 (L 0.863) TTT F 0.243 (L 0.461) TTT F 0.243 (L 0.640) TTA L 0.419 (L 0.886) TTA L 0.401 (L 0.874) TTA L 0.397 (L 0.930) TTA L 0.401 (L 0.874) TTA L 0.289 (L 0.758) ATG M 0.221 (L 0.244) TTG L 0.718 (L 0.965) TTA L 0.731 (L 0.934) TTA L 0.998 (L 0.999) TTA L 0.999 (L 1.000) TTA L 0.999 (L 1.000) TTA L 0.224 (L 0.470) ATA I 0.145 (I 0.315)
   4      1   TTT (F) TTC (F) TTT (F) TTT (F) TAC (Y) TTA (L) TTT (F) TTT (F) TTT (F) TTT (F) TTA (L) TTC (F) TTT (F) TTT (F) GAA (E) TTT (F) TTT (F) TTT (F) TTC (F) TTC (F) :  TTT F 0.946 (F 1.000) TTT F 0.986 (F 1.000) TTT F 0.988 (F 1.000) TTT F 0.909 (F 1.000) TTC F 0.860 (F 1.000) TTT F 0.989 (F 1.000) TTT F 0.975 (F 1.000) TTT F 0.698 (F 0.993) TTT F 0.975 (F 1.000) TTT F 0.943 (F 0.993) TTT F 0.963 (F 1.000) TTT F 0.996 (F 1.000) TTT F 0.989 (F 1.000) TTT F 0.999 (F 1.000) TTT F 0.998 (F 1.000) TTT F 0.967 (F 1.000) TTT F 0.895 (F 1.000) TTT F 0.871 (F 0.992)
   5      1   GAG (E) GAA (E) GAA (E) GAA (E) GAC (D) TCA (S) AAG (K) GAT (D) GAG (E) GAT (D) GAA (E) GAA (E) GAT (D) CAG (Q) GAA (E) GAT (D) CAG (Q) GAC (D) CCC (P) GAC (D) :  GAA E 0.790 (E 0.864) GAA E 0.869 (E 0.939) GAA E 0.863 (E 0.933) GAC D 0.662 (D 0.712) GAC D 0.647 (D 0.667) GAA E 0.865 (E 0.937) GAA E 0.892 (E 0.949) GAA E 0.951 (E 0.976) GAA E 0.892 (E 0.949) GAA E 0.778 (E 0.877) GAA E 0.281 (E 0.548) GAG E 0.375 (E 0.705) GAA E 0.856 (E 0.935) GAA E 0.995 (E 0.999) GAA E 0.995 (E 1.000) GAA E 0.964 (E 0.999) GAA E 0.706 (E 0.781) GAA E 0.482 (E 0.542)
   6      1   GAT (D) GAT (D) GAT (D) GAC (D) TCA (S) AAT (N) GAG (E) GAT (D) GAA (E) ACT (T) TCT (S) TCT (S) AGC (S) GTT (V) CAT (H) CAC (H) CAG (Q) GGA (G) GGG (G) GAC (D) :  GAT D 0.784 (D 0.796) GAT D 0.912 (D 0.917) GAT D 0.911 (D 0.916) GAT D 0.266 (G 0.343) GAC D 0.263 (D 0.361) GAT D 0.896 (D 0.899) GAT D 0.471 (D 0.473) TCT S 0.532 (S 0.536) GAT D 0.471 (D 0.473) CAT H 0.391 (H 0.418) CAT H 0.290 (H 0.547) GAT D 0.877 (D 0.896) GAT D 0.915 (D 0.929) GAT D 0.992 (D 0.999) GAT D 0.987 (D 0.999) GAT D 0.998 (D 1.000) GAT D 0.654 (D 0.668) GAT D 0.564 (D 0.580)
   7      1   CCA (P) CCA (P) TCA (S) CCA (P) AAC (N) AAT (N) CCC (P) CAA (Q) GAA (E) CCC (P) CCT (P) CCT (P) CCC (P) CCA (P) CCT (P) GAG (E) GAG (E) CCC (P) CCC (P) GTG (V) :  CCC P 0.296 (P 0.718) CCC P 0.393 (P 0.952) CCC P 0.400 (P 0.966) CCC P 0.596 (P 0.903) CCC P 0.241 (P 0.445) CCC P 0.371 (P 0.964) CCT P 0.490 (P 0.979) CCT P 0.808 (P 0.983) CCT P 0.490 (P 0.979) CCT P 0.385 (P 0.755) GAG E 0.371 (E 0.422) CAA Q 0.784 (Q 0.798) CCC P 0.359 (P 0.951) CCA P 0.940 (P 0.944) CCA P 0.989 (P 0.989) CCA P 0.998 (P 0.998) CCC P 0.195 (P 0.473) CCT P 0.163 (P 0.367)
   8      1   ATT (I) ATA (I) ATG (M) ATG (M) GCC (A) ACT (T) CTG (L) TTT (F) CAA (Q) TTA (L) GCT (A) GTA (V) GTG (V) ATG (M) CAT (H) GCC (A) TTA (L) CTC (L) AGC (S) ATT (I) :  ATT I 0.240 (I 0.405) ATT I 0.252 (I 0.429) ATT I 0.219 (I 0.378) ATC I 0.200 (I 0.392) ATT I 0.387 (I 0.725) ATT I 0.173 (L 0.333) GTT V 0.165 (L 0.322) GTT V 0.359 (V 0.689) GTT V 0.165 (L 0.322) CTT L 0.123 (L 0.323) TTA L 0.104 (V 0.247) CTT L 0.242 (L 0.567) ATG M 0.340 (M 0.340) ATG M 0.909 (M 0.909) ATG M 0.901 (M 0.901) ATG M 0.508 (M 0.508) ATT I 0.223 (I 0.370) ATT I 0.242 (I 0.371)
   9      1   ATC (I) ATT (I) ATT (I) ATC (I) GCA (A) ATT (I) CCC (P) ATG (M) CAA (Q) TTT (F) CTT (L) CTG (L) CCC (P) GAC (D) CTC (L) CTG (L) CTG (L) GTC (V) ACT (T) GTC (V) :  ATT I 0.261 (I 0.460) ATT I 0.260 (I 0.465) ATT I 0.223 (I 0.400) GTC V 0.396 (V 0.585) GTC V 0.351 (V 0.527) CTT L 0.298 (L 0.557) CTT L 0.495 (L 0.858) CTT L 0.583 (L 0.946) CTT L 0.495 (L 0.858) CTT L 0.352 (L 0.884) CTG L 0.624 (L 0.911) CTG L 0.223 (L 0.498) ATT I 0.284 (I 0.541) ATT I 0.572 (I 0.996) ATC I 0.507 (I 0.999) ATC I 0.506 (I 0.999) ATT I 0.267 (I 0.460) ATT I 0.305 (I 0.495)
  10      1   AAA (K) AAG (K) AAG (K) AAG (K) AAC (N) AAT (N) TCT (S) ACT (T) GAA (E) AGT (S) GCT (A) TCA (S) GGA (G) CTG (L) CAA (Q) GCG (A) GTA (V) AAA (K) GGC (G) AAG (K) :  AAA K 0.354 (K 0.519) AAA K 0.401 (K 0.565) AAA K 0.459 (K 0.576) AAA K 0.575 (K 0.732) AAG K 0.346 (K 0.495) AAA K 0.435 (K 0.519) AAA K 0.344 (K 0.397) ACA T 0.244 (T 0.445) AAA K 0.344 (K 0.397) AAA K 0.270 (K 0.327) GCA A 0.169 (A 0.292) AAA K 0.347 (K 0.383) AAG K 0.307 (K 0.564) AAG K 0.983 (K 0.997) AAG K 0.986 (K 0.999) AAG K 0.956 (K 0.999) AAT N 0.374 (N 0.460) AAT N 0.393 (N 0.473)
  11      1   GAG (E) GAG (E) GAA (E) GAA (E) GAC (D) GAA (E) GAG (E) GAA (E) GAA (E) GAT (D) GAA (E) GAA (E) TGT (C) GAC (D) GAA (E) GAT (D) GAG (E) CAA (Q) GAC (D) GGC (G) :  GAA E 0.900 (E 0.918) GAA E 0.990 (E 0.999) GAA E 0.996 (E 1.000) GAA E 0.928 (E 0.956) GAC D 0.730 (D 0.765) GAA E 0.997 (E 1.000) GAA E 0.995 (E 0.999) GAA E 0.993 (E 0.998) GAA E 0.995 (E 0.999) GAA E 0.922 (E 0.991) GAA E 0.505 (E 0.934) GAA E 0.996 (E 0.999) GAA E 0.951 (E 0.998) GAA E 0.959 (E 1.000) GAA E 0.929 (E 1.000) GAG E 0.893 (E 1.000) GAA E 0.866 (E 0.892) GAA E 0.854 (E 0.888)
  12      1   CTA (L) TTG (L) TTA (L) CTA (L) ATT (I) TTA (L) GTC (V) TTA (L) TTA (L) ATT (I) ATT (I) CTT (L) TTG (L) CAC (H) TTG (L) TTG (L) CTC (L) TTG (L) GCG (A) TCC (S) :  TTA L 0.776 (L 0.871) TTA L 0.817 (L 0.901) TTA L 0.801 (L 0.896) TTG L 0.448 (L 0.819) TCG S 0.359 (S 0.719) TTA L 0.789 (L 0.882) TTA L 0.455 (L 0.593) TTT F 0.440 (F 0.456) TTA L 0.455 (L 0.593) TTA L 0.344 (L 0.692) TTG L 0.316 (L 0.686) TTA L 0.969 (L 0.987) TTA L 0.802 (L 0.898) TTA L 0.890 (L 0.998) TTA L 0.777 (L 0.999) TTA L 0.738 (L 0.999) TTA L 0.728 (L 0.834) TTA L 0.699 (L 0.821)
  13      1   GAT (D) GAT (D) GAT (D) GAC (D) GAT (D) GAT (D) AGT (S) GAC (D) GAC (D) GAT (D) GAT (D) GAT (D) GGT (G) GAT (D) AAC (N) GAC (D) AGC (S) AAC (N) GAA (E) GAC (D) :  GAT D 0.923 (D 1.000) GAT D 0.906 (D 1.000) GAT D 0.817 (D 1.000) GAC D 0.683 (D 0.985) GAC D 0.835 (D 0.985) GAT D 0.804 (D 1.000) GAT D 0.830 (D 1.000) GAT D 0.939 (D 1.000) GAT D 0.830 (D 1.000) GAC D 0.429 (D 0.800) GAC D 0.662 (D 0.779) GAC D 0.903 (D 1.000) GAT D 0.944 (D 0.997) GAT D 0.987 (D 1.000) GAT D 0.982 (D 1.000) GAT D 0.998 (D 1.000) GAT D 0.945 (D 1.000) GAT D 0.953 (D 1.000)
  14      1   GAC (D) GCC (A) GCT (A) GCT (A) GCC (A) GCT (A) GCT (A) TCA (S) TCT (S) TCA (S) AGT (S) TCT (S) GCG (A) GGG (G) GCA (A) TCT (S) TCG (S) TCT (S) TCC (S) CCG (P) :  GCT A 0.950 (A 0.998) GCT A 0.979 (A 0.993) TCT S 0.981 (S 0.994) TCT S 0.916 (S 0.999) TCG S 0.319 (S 0.966) TCT S 0.980 (S 0.999) TCT S 0.967 (S 1.000) TCT S 0.984 (S 0.998) TCT S 0.967 (S 1.000) TCT S 0.756 (S 0.996) TCT S 0.639 (S 0.999) TCT S 0.853 (S 1.000) GCT A 0.979 (A 0.999) GCT A 0.972 (A 1.000) GCT A 0.942 (A 1.000) GCC A 0.889 (A 0.998) GCT A 0.917 (A 0.999) GCT A 0.897 (A 0.998)
  15      1   GCT (A) GCT (A) GCT (A) GCT (A) GCT (A) GAT (D) GCA (A) AAC (N) GCT (A) GCT (A) GCT (A) GCT (A) GAG (E) CTA (L) TCC (S) GCG (A) CAT (H) GCT (A) CTG (L) CTC (L) :  GCT A 0.919 (A 0.934) GCT A 0.986 (A 0.992) GCT A 0.989 (A 0.994) GCT A 0.759 (A 0.825) CTC L 0.339 (L 0.713) GCT A 0.988 (A 0.994) GCT A 0.989 (A 0.995) GCT A 0.980 (A 0.988) GCT A 0.989 (A 0.995) GCT A 0.606 (A 0.745) GCT A 0.329 (A 0.492) GCT A 0.599 (A 0.722) GCT A 0.956 (A 0.983) GCT A 0.999 (A 0.999) GCT A 1.000 (A 1.000) GCT A 0.999 (A 1.000) GCT A 0.856 (A 0.877) GCT A 0.640 (A 0.676)
  16      1   ACT (T) ACT (T) ACT (T) ACT (T) ACT (T) ACT (T) ACG (T) ACT (T) ACT (T) ACT (T) ACT (T) ACT (T) CAG (Q) ACG (T) ACC (T) ACC (T) ACT (T) TCT (S) ACG (T) ACG (T) :  ACT T 0.982 (T 1.000) ACT T 0.996 (T 1.000) ACT T 0.998 (T 1.000) ACT T 0.904 (T 0.992) ACG T 0.842 (T 1.000) ACT T 0.999 (T 1.000) ACT T 0.996 (T 1.000) ACT T 0.993 (T 1.000) ACT T 0.996 (T 1.000) ACT T 0.774 (T 1.000) ACT T 0.633 (T 1.000) ACT T 0.995 (T 1.000) ACT T 0.974 (T 1.000) ACT T 1.000 (T 1.000) ACT T 1.000 (T 1.000) ACT T 1.000 (T 1.000) ACT T 0.975 (T 1.000) ACT T 0.946 (T 1.000)
  17      1   CCA (P) CCA (P) CCG (P) CCA (P) CCA (P) CCA (P) CCG (P) CCA (P) CCA (P) CCA (P) CCA (P) CCA (P) GCG (A) CCC (P) CCA (P) CCG (P) CCT (P) CCA (P) CCT (P) CCA (P) :  CCA P 0.984 (P 1.000) CCA P 0.994 (P 1.000) CCA P 0.998 (P 1.000) CCA P 0.974 (P 1.000) CCA P 0.833 (P 1.000) CCA P 0.999 (P 1.000) CCA P 0.998 (P 1.000) CCA P 0.994 (P 1.000) CCA P 0.998 (P 1.000) CCA P 0.901 (P 1.000) CCA P 0.387 (P 1.000) CCA P 0.995 (P 1.000) CCA P 0.937 (P 1.000) CCA P 0.925 (P 1.000) CCA P 0.987 (P 1.000) CCA P 0.998 (P 1.000) CCA P 0.977 (P 1.000) CCA P 0.947 (P 1.000)
  18      1   ATG (M) ATG (M) ATG (M) ATG (M) ATG (M) ATG (M) ATG (M) ATG (M) ATG (M) TTA (L) ATG (M) ATT (I) ATG (M) ATG (M) ATT (I) CTG (L) CTG (L) ATG (M) CTG (L) ATG (M) :  ATG M 1.000 (M 1.000) ATG M 1.000 (M 1.000) ATG M 1.000 (M 1.000) ATG M 1.000 (M 1.000) ATG M 0.996 (M 0.996) ATG M 1.000 (M 1.000) ATG M 0.987 (M 0.987) ATG M 0.982 (M 0.982) ATG M 0.987 (M 0.987) ATG M 0.926 (M 0.926) CTG L 0.793 (L 0.951) ATG M 1.000 (M 1.000) ATG M 1.000 (M 1.000) ATG M 1.000 (M 1.000) ATG M 1.000 (M 1.000) ATG M 1.000 (M 1.000) ATG M 1.000 (M 1.000) ATG M 1.000 (M 1.000)
  19      1   TTT (F) TTT (F) TTT (F) TTT (F) TTC (F) TTC (F) TTT (F) TTT (F) TTT (F) TTT (F) TTC (F) TTT (F) TTC (F) TTC (F) TTC (F) TTC (F) CTA (L) TTT (F) TTC (F) TTT (F) :  TTT F 0.727 (F 1.000) TTT F 0.938 (F 1.000) TTT F 0.953 (F 1.000) TTT F 0.956 (F 1.000) TTT F 0.831 (F 1.000) TTT F 0.954 (F 1.000) TTT F 0.922 (F 1.000) TTT F 0.856 (F 1.000) TTT F 0.922 (F 1.000) TTT F 0.609 (F 1.000) TTC F 0.612 (F 0.969) TTT F 0.992 (F 1.000) TTT F 0.967 (F 1.000) TTT F 1.000 (F 1.000) TTT F 1.000 (F 1.000) TTT F 1.000 (F 1.000) TTC F 0.509 (F 1.000) TTC F 0.641 (F 1.000)
  20      1   GAG (E) GAG (E) GAA (E) GAA (E) GAC (D) GAT (D) GAG (E) GAA (E) GAA (E) GAA (E) GCT (A) GAG (E) GAA (E) GAT (D) GAA (E) GAG (E) GGG (G) GAA (E) GAG (E) GAA (E) :  GAA E 0.852 (E 0.918) GAA E 0.954 (E 1.000) GAA E 0.964 (E 1.000) GAA E 0.961 (E 1.000) GAA E 0.834 (E 1.000) GAA E 0.964 (E 1.000) GAA E 0.929 (E 1.000) GAA E 0.668 (E 0.996) GAA E 0.929 (E 1.000) GAA E 0.841 (E 1.000) GAG E 0.734 (E 0.987) GAA E 0.993 (E 1.000) GAA E 0.921 (E 1.000) GAA E 0.943 (E 1.000) GAA E 0.915 (E 1.000) GAG E 0.895 (E 1.000) GAT D 0.622 (D 0.927) GAT D 0.753 (D 0.987)
  21      1   TAT (Y) TAT (Y) TAT (Y) TAC (Y) TAC (Y) TTG (L) TAC (Y) TTT (F) TTC (F) TTT (F) TTC (F) TTC (F) TTG (L) TCG (S) TTG (L) TTC (F) TTG (L) TTT (F) CTT (L) CTT (L) :  TTT F 0.579 (F 0.960) TTT F 0.636 (F 0.987) TTT F 0.649 (F 1.000) TTT F 0.877 (F 0.991) CTT L 0.941 (L 0.977) TTT F 0.622 (F 1.000) TTT F 0.553 (F 1.000) TTC F 0.809 (F 0.999) TTT F 0.553 (F 1.000) TTC F 0.451 (F 0.852) TTC F 0.588 (F 0.839) TTT F 0.614 (F 1.000) TAT Y 0.648 (Y 0.952) TAT Y 0.944 (Y 1.000) TAT Y 0.940 (Y 1.000) TAT Y 0.993 (Y 1.000) TTT F 0.522 (F 0.941) TTT F 0.330 (F 0.602)
  22      1   GAA (E) GAA (E) GAA (E) GAA (E) GAT (D) GAT (D) GAC (D) GAA (E) GAA (E) GAA (E) GAA (E) GAA (E) GAT (D) GAT (D) GAT (D) GAG (E) GAC (D) GAA (E) GAT (D) GAA (E) :  GAT D 0.774 (D 0.866) GAA E 0.929 (E 0.934) GAA E 0.998 (E 0.999) GAA E 0.988 (E 1.000) GAA E 0.943 (E 0.990) GAA E 0.999 (E 1.000) GAA E 0.997 (E 1.000) GAA E 0.996 (E 1.000) GAA E 0.997 (E 1.000) GAA E 0.659 (E 0.788) GAG E 0.403 (E 0.774) GAA E 0.997 (E 1.000) GAA E 0.923 (E 0.934) GAA E 1.000 (E 1.000) GAA E 1.000 (E 1.000) GAA E 1.000 (E 1.000) GAT D 0.920 (D 0.994) GAT D 0.937 (D 0.999)
  23      1   AAC (N) AAC (N) AAC (N) AAC (N) GAT (D) GAA (E) AAC (N) TCA (S) TCC (S) ACT (T) GCT (A) TCT (S) CCA (P) CCC (P) AAC (N) GGT (G) GGA (G) AAC (N) GCT (A) GCC (A) :  AAC N 0.298 (N 0.382) AAC N 0.376 (N 0.460) ACC T 0.262 (T 0.332) AAC N 0.285 (N 0.325) GCC A 0.600 (A 0.785) ACC T 0.362 (T 0.489) ACT T 0.261 (T 0.511) GCT A 0.361 (A 0.442) ACT T 0.261 (T 0.511) ACC T 0.131 (T 0.262) GGT G 0.286 (G 0.566) TCC S 0.640 (S 0.887) AAC N 0.628 (N 0.695) AAC N 0.997 (N 0.997) AAC N 0.999 (N 0.999) AAC N 0.999 (N 1.000) GAC D 0.270 (D 0.366) GAC D 0.268 (D 0.362)
  24      1   CTA (L) CTA (L) CTA (L) CTA (L) AAC (N) TCT (S) GTC (V) TTA (L) CTA (L) TTA (L) TTG (L) ACT (T) CCA (P) GCT (A) CAA (Q) CTC (L) GTC (V) TTG (L) GTC (V) GTT (V) :  TTA L 0.503 (L 0.658) TTA L 0.725 (L 0.900) TTA L 0.778 (L 0.934) TTA L 0.414 (L 0.786) GTT V 0.400 (V 0.821) TTA L 0.804 (L 0.952) TTA L 0.788 (L 0.943) TTA L 0.454 (L 0.731) TTA L 0.788 (L 0.943) TTA L 0.388 (L 0.802) CTC L 0.317 (L 0.531) TTA L 0.809 (L 0.986) TTA L 0.507 (L 0.883) CTA L 0.994 (L 0.999) CTA L 0.999 (L 1.000) CTA L 0.999 (L 1.000) TTA L 0.278 (L 0.397) TTT F 0.193 (S 0.343)
  25      1   GAA (E) GAA (E) GAA (E) GAA (E) CAA (Q) CTA (L) GAA (E) GAT (D) GAC (D) AAC (N) GAA (E) GAT (D) CAG (Q) TTG (L) GAT (D) GGC (G) GAC (D) GAA (E) GAG (E) GAA (E) :  CAA Q 0.903 (Q 0.920) GAA E 0.987 (E 0.998) GAA E 0.974 (E 0.990) GAA E 0.970 (E 1.000) GAA E 0.839 (E 1.000) GAT D 0.522 (D 0.969) GAT D 0.532 (D 0.995) GAT D 0.650 (D 0.989) GAT D 0.532 (D 0.995) GAT D 0.518 (D 0.998) GAC D 0.820 (D 0.985) GAT D 0.552 (D 0.999) GAA E 0.990 (E 1.000) GAA E 1.000 (E 1.000) GAA E 1.000 (E 1.000) GAA E 1.000 (E 1.000) CAA Q 0.963 (Q 0.987) CTA L 0.840 (L 0.900)
  26      1   AAC (N) AAC (N) AAT (N) AAT (N) AAT (N) GAT (D) AAC (N) GAT (D) GAT (D) GAT (D) AAT (N) AAG (K) CAT (H) GAA (E) GGT (G) GAC (D) AAT (N) GAC (D) GAC (D) GAC (D) :  GAT D 0.936 (D 0.956) GAT D 0.938 (D 0.956) GAT D 0.979 (D 0.999) GAC D 0.706 (D 1.000) GAC D 0.946 (D 1.000) GAT D 0.990 (D 0.999) GAT D 0.992 (D 0.999) AAT N 0.906 (N 0.925) GAT D 0.992 (D 0.999) GAT D 0.952 (D 0.995) GAT D 0.756 (D 0.980) GAT D 0.996 (D 1.000) AAT N 0.878 (N 0.930) AAT N 0.955 (N 1.000) AAT N 0.925 (N 1.000) AAC N 0.894 (N 1.000) GAT D 0.937 (D 0.956) GAT D 0.959 (D 0.990)
  27      1   TCT (S) TCT (S) TCT (S) TCT (S) CCA (P) CCA (P) CCT (P) CCA (P) CCA (P) GCT (A) CCA (P) TCT (S) CAG (Q) GAA (E) GTG (V) CCT (P) CAC (H) CCA (P) CCA (P) CCT (P) :  CCA P 0.833 (P 0.950) CCA P 0.820 (P 0.966) CCA P 0.841 (P 0.978) CCA P 0.840 (P 0.964) CCA P 0.603 (P 0.953) CCA P 0.839 (P 0.978) CCA P 0.716 (P 0.949) CCA P 0.628 (P 0.872) CCA P 0.716 (P 0.949) CCA P 0.385 (P 0.731) CCT P 0.279 (P 0.658) CCA P 0.970 (P 0.988) CCT P 0.464 (P 0.786) TCT S 0.992 (S 0.994) TCT S 0.999 (S 0.999) TCT S 0.999 (S 1.000) CCA P 0.858 (P 0.938) CCA P 0.821 (P 0.888)
  28      1   AAA (K) AAA (K) AAA (K) AAG (K) GAA (E) AAC (N) GAG (E) AAG (K) AAA (K) TCA (S) AAA (K) TCT (S) GAA (E) TCC (S) GAA (E) AAG (K) AAG (K) AAG (K) CAA (Q) CAA (Q) :  AAA K 0.835 (K 0.900) AAA K 0.918 (K 0.981) AAA K 0.925 (K 0.990) AAA K 0.685 (K 0.892) CAA Q 0.834 (Q 0.875) AAA K 0.928 (K 0.990) AAA K 0.905 (K 0.956) AAA K 0.761 (K 0.801) AAA K 0.905 (K 0.956) AAA K 0.731 (K 0.855) AAG K 0.633 (K 0.867) AAA K 0.782 (K 0.984) AAA K 0.882 (K 0.954) AAA K 0.983 (K 0.999) AAA K 0.978 (K 1.000) AAA K 0.997 (K 1.000) AAA K 0.743 (K 0.807) AAA K 0.457 (K 0.524)
  29      1   GAA (E) GAA (E) GAA (E) GAA (E) AAC (N) ACC (T) AAG (K) AAT (N) CAA (Q) TCA (S) AAT (N) GAA (E) ACA (T) AAA (K) ACT (T) ACC (T) GAG (E) AGT (S) GGA (G) GGC (G) :  AAA K 0.635 (K 0.669) AAA K 0.721 (K 0.743) AAA K 0.715 (K 0.730) AGA R 0.283 (R 0.314) GGA G 0.358 (G 0.790) AAA K 0.723 (K 0.736) AAA K 0.694 (K 0.708) AAA K 0.630 (K 0.652) AAA K 0.694 (K 0.708) AAA K 0.362 (K 0.432) AAG K 0.147 (K 0.270) AAA K 0.622 (K 0.644) AAA K 0.638 (K 0.680) GAA E 0.993 (E 0.993) GAA E 0.999 (E 0.999) GAA E 0.999 (E 0.999) AAA K 0.531 (K 0.573) AAA K 0.427 (K 0.475)
  30      1   TGG (W) TGG (W) TGG (W) TGG (W) TGG (W) TGG (W) TGG (W) TGG (W) TGG (W) TGG (W) TGG (W) TGG (W) TGG (W) TGG (W) TGG (W) TGG (W) TGG (W) TGG (W) TGG (W) TGG (W) :  TGG W 1.000 (W 1.000) TGG W 1.000 (W 1.000) TGG W 1.000 (W 1.000) TGG W 1.000 (W 1.000) TGG W 1.000 (W 1.000) TGG W 1.000 (W 1.000) TGG W 1.000 (W 1.000) TGG W 1.000 (W 1.000) TGG W 1.000 (W 1.000) TGG W 1.000 (W 1.000) TGG W 1.000 (W 1.000) TGG W 1.000 (W 1.000) TGG W 1.000 (W 1.000) TGG W 1.000 (W 1.000) TGG W 1.000 (W 1.000) TGG W 1.000 (W 1.000) TGG W 1.000 (W 1.000) TGG W 1.000 (W 1.000)
  31      1   ACA (T) ACT (T) ACT (T) ACC (T) ACT (T) ACC (T) ACG (T) ACT (T) ACT (T) ACT (T) ACT (T) ACT (T) GAA (E) GGG (G) ACT (T) TCG (S) TCG (S) GGT (G) AAC (N) ACT (T) :  ACT T 0.920 (T 0.989) ACT T 0.985 (T 0.998) ACT T 0.995 (T 0.998) ACT T 0.754 (T 0.776) ACT T 0.676 (T 0.824) ACT T 0.998 (T 0.999) ACT T 0.997 (T 0.999) ACT T 0.989 (T 0.995) ACT T 0.997 (T 0.999) ACT T 0.821 (T 0.937) TCG S 0.594 (S 0.863) ACT T 0.992 (T 0.996) ACT T 0.953 (T 0.994) ACT T 0.975 (T 1.000) ACT T 0.953 (T 1.000) ACT T 0.946 (T 1.000) ACT T 0.858 (T 0.982) ACT T 0.656 (T 0.958)
  32      1   TCC (S) TCT (S) TCT (S) TCT (S) TCT (S) TCT (S) TCG (S) TCT (S) TCC (S) TCC (S) CCT (P) TCT (S) CCT (P) TCT (S) TCG (S) TCG (S) TCT (S) TCT (S) TCG (S) TCT (S) :  TCT S 0.990 (S 1.000) TCT S 0.996 (S 1.000) TCT S 0.995 (S 1.000) TCT S 0.972 (S 1.000) TCT S 0.830 (S 1.000) TCT S 0.991 (S 1.000) TCT S 0.980 (S 1.000) TCT S 0.984 (S 0.996) TCT S 0.980 (S 1.000) TCT S 0.730 (S 1.000) TCT S 0.598 (S 1.000) TCT S 0.880 (S 1.000) TCT S 0.974 (S 1.000) TCT S 0.998 (S 1.000) TCT S 0.998 (S 1.000) TCT S 0.967 (S 1.000) TCT S 0.987 (S 1.000) TCT S 0.975 (S 1.000)
  33      1   TTG (L) TTG (L) TTG (L) TTG (L) TTG (L) TTG (L) CTG (L) TTA (L) TTA (L) TTG (L) TTA (L) TTG (L) CTG (L) CTC (L) TTG (L) CTC (L) TTG (L) TTG (L) CTC (L) CTT (L) :  TTG L 0.978 (L 1.000) TTG L 0.990 (L 1.000) TTG L 0.986 (L 1.000) TTG L 0.849 (L 1.000) CTT L 0.415 (L 1.000) TTG L 0.976 (L 1.000) TTG L 0.979 (L 1.000) TTG L 0.901 (L 1.000) TTG L 0.979 (L 1.000) TTG L 0.930 (L 1.000) TTG L 0.636 (L 1.000) TTA L 0.882 (L 1.000) TTG L 0.974 (L 1.000) TTG L 1.000 (L 1.000) TTG L 1.000 (L 1.000) TTG L 1.000 (L 1.000) TTG L 0.968 (L 1.000) TTG L 0.923 (L 1.000)
  34      1   TTT (F) TTC (F) TTT (F) TTC (F) TTT (F) TTC (F) TTC (F) TTC (F) TTT (F) TTC (F) TTT (F) TTC (F) TTT (F) TTT (F) TTT (F) TTT (F) TTT (F) TTC (F) TTC (F) TTT (F) :  TTC F 0.696 (F 1.000) TTC F 0.719 (F 1.000) TTC F 0.724 (F 1.000) TTC F 0.798 (F 1.000) TTC F 0.600 (F 1.000) TTC F 0.715 (F 1.000) TTC F 0.688 (F 1.000) TTC F 0.658 (F 1.000) TTC F 0.688 (F 1.000) TTT F 0.614 (F 1.000) TTT F 0.872 (F 1.000) TTC F 0.683 (F 1.000) TTC F 0.720 (F 1.000) TTC F 0.617 (F 1.000) TTC F 0.673 (F 1.000) TTC F 0.663 (F 1.000) TTC F 0.673 (F 1.000) TTC F 0.692 (F 1.000)
  35      1   GAC (D) GAC (D) GAT (D) GAC (D) GAC (D) GAT (D) GAC (D) GAA (E) GAT (D) GAT (D) GAT (D) GAT (D) GGT (G) GAC (D) GAC (D) GAT (D) GAC (D) GAC (D) GAC (D) GAA (E) :  GAC D 0.525 (D 1.000) GAC D 0.523 (D 1.000) GAT D 0.518 (D 1.000) GAC D 0.777 (D 1.000) GAC D 0.813 (D 0.969) GAT D 0.663 (D 1.000) GAT D 0.756 (D 1.000) GAT D 0.914 (D 1.000) GAT D 0.756 (D 1.000) GAT D 0.611 (D 1.000) GAT D 0.577 (D 1.000) GAT D 0.799 (D 0.983) GAC D 0.648 (D 1.000) GAC D 0.742 (D 1.000) GAC D 0.956 (D 1.000) GAC D 0.995 (D 1.000) GAC D 0.531 (D 1.000) GAT D 0.515 (D 1.000)
  36      1   AAT (N) AAT (N) AAC (N) AAC (N) GAT (D) GAT (D) AAT (N) AAT (N) AAC (N) AAT (N) AAC (N) AAC (N) ACT (T) GAT (D) AAT (N) GAC (D) GAC (D) AAC (N) GAT (D) GAT (D) :  AAT N 0.636 (N 0.914) AAT N 0.612 (N 1.000) AAT N 0.581 (N 1.000) AAT N 0.509 (N 0.992) GAT D 0.907 (D 0.986) AAT N 0.565 (N 1.000) AAT N 0.523 (N 1.000) AAC N 0.820 (N 1.000) AAT N 0.523 (N 1.000) AAT N 0.502 (N 0.988) GAC D 0.811 (D 0.967) AAT N 0.572 (N 1.000) AAT N 0.570 (N 1.000) AAC N 0.710 (N 1.000) AAC N 0.689 (N 1.000) AAT N 0.921 (N 1.000) GAT D 0.752 (D 0.948) GAT D 0.835 (D 0.990)
  37      1   GAC (D) GAT (D) GAC (D) GAC (D) GAT (D) GAC (D) GAC (D) GAT (D) GAT (D) GAT (D) GAC (D) GAT (D) GGT (G) GAG (E) GAT (D) GAC (D) GAT (D) GAC (D) GAC (D) GAC (D) :  GAC D 0.693 (D 1.000) GAC D 0.700 (D 1.000) GAC D 0.648 (D 1.000) GAC D 0.889 (D 1.000) GAC D 0.972 (D 1.000) GAT D 0.565 (D 1.000) GAT D 0.638 (D 1.000) GAT D 0.615 (D 1.000) GAT D 0.638 (D 1.000) GAT D 0.688 (D 1.000) GAT D 0.607 (D 1.000) GAT D 0.947 (D 1.000) GAC D 0.850 (D 1.000) GAC D 0.993 (D 1.000) GAC D 0.993 (D 1.000) GAC D 0.962 (D 1.000) GAC D 0.687 (D 1.000) GAC D 0.732 (D 0.998)
  38      1   ATT (I) ATT (I) ATT (I) ATC (I) GTC (V) ATC (I) ATC (I) CTA (L) ATC (I) ATT (I) ATT (I) ATC (I) GAG (E) ATT (I) ATC (I) ATA (I) ATA (I) ATC (I) ATT (I) ATT (I) :  ATC I 0.786 (I 0.996) ATC I 0.772 (I 1.000) ATC I 0.775 (I 1.000) ATC I 0.749 (I 1.000) ATT I 0.873 (I 1.000) ATC I 0.773 (I 1.000) ATC I 0.738 (I 1.000) ATC I 0.697 (I 1.000) ATC I 0.738 (I 1.000) ATC I 0.703 (I 1.000) ATA I 0.797 (I 1.000) ATC I 0.755 (I 0.993) ATC I 0.658 (I 1.000) ATT I 0.890 (I 1.000) ATT I 0.888 (I 1.000) ATT I 0.987 (I 1.000) ATC I 0.812 (I 0.996) ATC I 0.812 (I 0.999)
  39      1   CCA (P) CCC (P) CCA (P) CCT (P) GAG (E) CCA (P) CCC (P) CCA (P) CCA (P) CCT (P) GCT (A) CCT (P) GAT (D) CCT (P) CCA (P) CCG (P) CCC (P) CCC (P) GCA (A) GCT (A) :  CCA P 0.676 (P 0.996) CCA P 0.687 (P 1.000) CCA P 0.664 (P 1.000) CCA P 0.388 (P 0.995) GCT A 0.450 (A 0.992) CCA P 0.659 (P 1.000) CCT P 0.488 (P 1.000) CCT P 0.835 (P 0.998) CCT P 0.488 (P 1.000) CCA P 0.475 (P 1.000) CCG P 0.308 (P 1.000) CCA P 0.961 (P 1.000) CCA P 0.699 (P 1.000) CCA P 0.849 (P 1.000) CCA P 0.822 (P 1.000) CCA P 0.824 (P 1.000) CCA P 0.684 (P 0.996) CCA P 0.698 (P 0.999)
  40      1   GTT (V) GTT (V) GTT (V) GTC (V) ATT (I) GTC (V) GTC (V) ATC (I) ATC (I) GTC (V) GTT (V) GTT (V) GCA (A) ATT (I) GTC (V) GTG (V) GTG (V) GTC (V) GTT (V) GTT (V) :  GTC V 0.638 (V 0.995) GTC V 0.658 (V 1.000) GTC V 0.690 (V 1.000) GTC V 0.683 (V 1.000) GTT V 0.871 (V 1.000) GTC V 0.706 (V 1.000) GTC V 0.681 (V 1.000) GTT V 0.747 (V 1.000) GTC V 0.681 (V 1.000) GTC V 0.652 (V 1.000) GTG V 0.686 (V 1.000) ATC I 0.952 (I 0.990) GTC V 0.557 (V 1.000) GTT V 0.907 (V 1.000) GTT V 0.905 (V 1.000) GTT V 0.989 (V 1.000) GTC V 0.591 (V 0.948) GTC V 0.611 (V 0.947)
