Supplemental results for CODEML (seqf: ../../gcn4_ygob_nt_muscle.phy  treef: ./tree_unrooted_pos_selection.nwk)


TREE #  1


dN/dS (w) for site classes (K=4)

site class             0        1       2a       2b
proportion       0.62385  0.31576  0.04010  0.02030
background w     0.07936  1.00000  0.07936  1.00000
foreground w     0.07936  1.00000 999.00000 999.00000

Naive Empirical Bayes (NEB) probabilities for 4 classes
(amino acids refer to 1st sequence: YEL009C)

   1 P   0.00000 0.90896 0.00000 0.09104 ( 2)
   2 S   0.00000 0.95040 0.00000 0.04960 ( 2)
   3 L   0.00038 0.90618 0.00251 0.09093 ( 2)
   4 F   0.97385 0.00001 0.02615 0.00000 ( 1)
   5 E   0.00011 0.95265 0.00000 0.04724 ( 2)
   6 D   0.00000 0.94429 0.00000 0.05571 ( 2)
   7 P   0.00004 0.88369 0.00027 0.11600 ( 2)
   8 I   0.00000 0.91583 0.00000 0.08417 ( 2)
   9 I   0.00000 0.94024 0.00000 0.05976 ( 2)
  10 K   0.00000 0.95588 0.00000 0.04412 ( 2)
  11 E   0.80821 0.12949 0.05782 0.00448 ( 1)
  12 L   0.00440 0.95171 0.00018 0.04372 ( 2)
  13 D   0.97356 0.00115 0.02526 0.00003 ( 1)
  14 D   0.88979 0.07753 0.02847 0.00420 ( 1)
  15 A   0.00019 0.95822 0.00001 0.04159 ( 2)
  16 T   0.96986 0.00000 0.03014 0.00000 ( 1)
  17 P   0.96976 0.00000 0.03024 0.00000 ( 1)
  18 M   0.97878 0.00000 0.02122 0.00000 ( 1)
  19 F   0.97283 0.00000 0.02717 0.00000 ( 1)
  20 E   0.10473 0.00000 0.89527 0.00000 ( 3)
  21 Y   0.91837 0.02119 0.05946 0.00097 ( 1)
  22 E   0.80111 0.00000 0.19889 0.00000 ( 1)
  23 N   0.00000 0.92684 0.00000 0.07316 ( 2)
  24 L   0.00000 0.87823 0.00000 0.12177 ( 2)
  25 E   0.76204 0.00199 0.23569 0.00027 ( 1)
  26 N   0.96963 0.00317 0.02709 0.00011 ( 1)
  27 S   0.08957 0.87453 0.00281 0.03310 ( 2)
  28 K   0.00031 0.95458 0.00002 0.04510 ( 2)
  29 E   0.00000 0.94744 0.00000 0.05256 ( 2)
  30 W   0.97055 0.00000 0.02945 0.00000 ( 1)
  31 T   0.57007 0.39792 0.01784 0.01417 ( 1)
  32 S   0.96984 0.00000 0.03016 0.00000 ( 1)
  33 L   0.96752 0.00000 0.03248 0.00000 ( 1)
  34 F   0.97466 0.00000 0.02534 0.00000 ( 1)
  35 D   0.97466 0.00000 0.02534 0.00000 ( 1)
  36 N   0.08935 0.00000 0.91065 0.00000 ( 3)
  37 D   0.97457 0.00000 0.02543 0.00000 ( 1)
  38 I   0.97147 0.00000 0.02853 0.00000 ( 1)
  39 P   0.96608 0.00247 0.03135 0.00010 ( 1)
  40 V   0.88744 0.00000 0.11256 0.00000 ( 1)
  41 T   0.05693 0.87076 0.00826 0.06405 ( 2)
  42 T   0.00001 0.95856 0.00000 0.04143 ( 2)
  43 D   0.00108 0.95524 0.00026 0.04342 ( 2)
  44 D   0.97467 0.00000 0.02533 0.00000 ( 1)
  45 V   0.96969 0.00000 0.03030 0.00000 ( 1)
  46 I   0.00093 0.95774 0.00004 0.04130 ( 2)
  47 E   0.79301 0.16987 0.02971 0.00741 ( 1)
  48 S   0.00000 0.93572 0.00000 0.06428 ( 2)
  49 T   0.00091 0.96009 0.00003 0.03897 ( 2)
  50 E   0.00000 0.96354 0.00000 0.03646 ( 2)
  51 E   0.00003 0.96329 0.00000 0.03668 ( 2)
  52 V   0.00000 0.94034 0.00000 0.05966 ( 2)
  53 S   0.00000 0.94794 0.00000 0.05206 ( 2)
  54 T   0.00000 0.95651 0.00000 0.04349 ( 2)
  55 T   0.00000 0.95096 0.00000 0.04904 ( 2)
  56 S   0.30078 0.66699 0.00941 0.02282 ( 2)
  57 F   0.97490 0.00000 0.02510 0.00000 ( 1)
  58 L   0.96478 0.00000 0.03522 0.00000 ( 1)
  59 P   0.96986 0.00000 0.03014 0.00000 ( 1)
  60 T   0.96997 0.00000 0.03003 0.00000 ( 1)
  61 P   0.96989 0.00000 0.03011 0.00000 ( 1)
  62 V   0.01188 0.94899 0.00038 0.03875 ( 2)
  63 L   0.96822 0.00400 0.02765 0.00013 ( 1)
  64 E   0.97253 0.00000 0.02747 0.00000 ( 1)
  65 D   0.95092 0.00045 0.04861 0.00002 ( 1)
  66 A   0.09011 0.85407 0.00443 0.05139 ( 2)
  67 K   0.00127 0.94083 0.00008 0.05782 ( 2)
  68 L   0.94225 0.02253 0.03430 0.00091 ( 1)
  69 T   0.00000 0.94896 0.00000 0.05104 ( 2)
  70 Q   0.00000 0.95448 0.00000 0.04552 ( 2)
  71 T   0.00000 0.93577 0.00000 0.06423 ( 2)
  72 D   0.00000 0.94680 0.00000 0.05320 ( 2)
  73 D   0.00000 0.94280 0.00000 0.05720 ( 2)
  74 E   0.00000 0.93668 0.00000 0.06332 ( 2)
  75 S   0.00000 0.95577 0.00000 0.04423 ( 2)
  76 R   0.97243 0.00000 0.02757 0.00000 ( 1)
  77 L   0.00070 0.95584 0.00002 0.04344 ( 2)
  78 D   0.97484 0.00000 0.02516 0.00000 ( 1)
  79 H   0.97466 0.00000 0.02534 0.00000 ( 1)
  80 L   0.96463 0.00000 0.03537 0.00000 ( 1)
  81 G   0.97000 0.00000 0.03000 0.00000 ( 1)
  82 V   0.96990 0.00000 0.03010 0.00000 ( 1)
  83 V   0.96995 0.00000 0.03005 0.00000 ( 1)
  84 A   0.00025 0.95844 0.00001 0.04131 ( 2)
  85 Y   0.97003 0.00000 0.02997 0.00000 ( 1)
  86 N   0.97485 0.00000 0.02515 0.00000 ( 1)
  87 R   0.96895 0.00000 0.03105 0.00000 ( 1)
  88 K   0.97260 0.00000 0.02740 0.00000 ( 1)
  89 Q   0.00003 0.91573 0.00000 0.08423 ( 2)
  90 R   0.96975 0.00000 0.03025 0.00000 ( 1)
  91 S   0.03448 0.92671 0.00111 0.03770 ( 2)
  92 I   0.00176 0.95369 0.00006 0.04449 ( 2)
  93 P   0.96933 0.00000 0.03067 0.00000 ( 1)
  94 L   0.96609 0.00000 0.03391 0.00000 ( 1)
  95 S   0.96994 0.00000 0.03006 0.00000 ( 1)
  96 P   0.96985 0.00000 0.03015 0.00000 ( 1)
  97 I   0.96997 0.00000 0.03003 0.00000 ( 1)
  98 V   0.94596 0.02605 0.02709 0.00090 ( 1)
  99 P   0.94119 0.00219 0.05651 0.00011 ( 1)
 100 E   0.97232 0.00000 0.02768 0.00000 ( 1)
 101 S   0.95266 0.00011 0.04722 0.00001 ( 1)
 102 S   0.97397 0.00005 0.02598 0.00000 ( 1)
 103 D   0.97402 0.00000 0.02598 0.00000 ( 1)
 104 P   0.96994 0.00000 0.03006 0.00000 ( 1)
 105 A   0.90220 0.00176 0.09597 0.00007 ( 1)
 106 A   0.96942 0.00001 0.03057 0.00000 ( 1)
 107 L   0.95869 0.00052 0.04077 0.00002 ( 1)
 108 K   0.97247 0.00000 0.02753 0.00000 ( 1)
 109 R   0.96994 0.00000 0.03006 0.00000 ( 1)
 110 A   0.96994 0.00000 0.03006 0.00000 ( 1)
 111 R   0.96897 0.00001 0.03103 0.00000 ( 1)
 112 N   0.97492 0.00000 0.02508 0.00000 ( 1)
 113 T   0.96996 0.00000 0.03004 0.00000 ( 1)
 114 E   0.97249 0.00000 0.02751 0.00000 ( 1)
 115 A   0.96995 0.00000 0.03005 0.00000 ( 1)
 116 A   0.96992 0.00000 0.03008 0.00000 ( 1)
 117 R   0.97000 0.00000 0.03000 0.00000 ( 1)
 118 R   0.96723 0.00000 0.03277 0.00000 ( 1)
 119 S   0.96842 0.00000 0.03158 0.00000 ( 1)
 120 R   0.87228 0.00000 0.12772 0.00000 ( 1)
 121 A   0.96993 0.00000 0.03007 0.00000 ( 1)
 122 R   0.97000 0.00000 0.03000 0.00000 ( 1)
 123 K   0.97245 0.00000 0.02755 0.00000 ( 1)
 124 L   0.96465 0.00001 0.03534 0.00000 ( 1)
 125 Q   0.97036 0.00000 0.02964 0.00000 ( 1)
 126 R   0.97000 0.00000 0.03000 0.00000 ( 1)
 127 M   0.97878 0.00000 0.02122 0.00000 ( 1)
 128 K   0.97461 0.00000 0.02539 0.00000 ( 1)
 129 Q   0.97016 0.00000 0.02984 0.00000 ( 1)
 130 L   0.96629 0.00000 0.03371 0.00000 ( 1)
 131 E   0.97230 0.00000 0.02770 0.00000 ( 1)
 132 D   0.00071 0.00053 0.99864 0.00012 ( 3)
 133 K   0.97252 0.00000 0.02748 0.00000 ( 1)
 134 V   0.96997 0.00000 0.03003 0.00000 ( 1)
 135 E   0.97164 0.00000 0.02836 0.00000 ( 1)
 136 E   0.95457 0.00965 0.03536 0.00041 ( 1)
 137 L   0.96440 0.00000 0.03560 0.00000 ( 1)
 138 L   0.93155 0.00000 0.06845 0.00000 ( 1)
 139 S   0.00001 0.91656 0.00000 0.08343 ( 2)
 140 K   0.92029 0.00113 0.07851 0.00007 ( 1)
 141 N   0.97476 0.00000 0.02524 0.00000 ( 1)
 142 Y   0.00001 0.96129 0.00000 0.03869 ( 2)
 143 H   0.82407 0.14645 0.02415 0.00534 ( 1)
 144 L   0.96596 0.00000 0.03404 0.00000 ( 1)
 145 E   0.97243 0.00000 0.02757 0.00000 ( 1)
 146 N   0.00055 0.96974 0.00001 0.02969 ( 2)
 147 E   0.97225 0.00000 0.02775 0.00000 ( 1)
 148 V   0.96961 0.00000 0.03039 0.00000 ( 1)
 149 A   0.00000 0.95760 0.00000 0.04240 ( 2)
 150 R   0.96765 0.00000 0.03234 0.00000 ( 1)
 151 L   0.96575 0.00000 0.03425 0.00000 ( 1)
 152 K   0.32632 0.63759 0.01093 0.02516 ( 2)
 153 K   0.00000 0.96051 0.00000 0.03949 ( 2)
 154 L   0.96437 0.00003 0.03560 0.00000 ( 1)
 155 V   0.96697 0.00000 0.03303 0.00000 ( 1)
 156 G   0.00000 0.95985 0.00000 0.04015 ( 2)
 157 E   0.00000 0.95283 0.00000 0.04717 ( 2)
 158 R   0.00000 0.93169 0.00000 0.06831 ( 2)


lnL = -7434.360801

Bayes Empirical Bayes (BEB) probabilities for 4 classes (class)
(amino acids refer to 1st sequence: YEL009C)

   1 P   0.00000 0.53192 0.00000 0.46808 ( 2)
   2 S   0.00000 0.53316 0.00000 0.46684 ( 2)
   3 L   0.00001 0.53155 0.00001 0.46843 ( 2)
   4 F   0.53448 0.00001 0.46549 0.00001 ( 1)
   5 E   0.00000 0.53334 0.00000 0.46666 ( 2)
   6 D   0.00000 0.53300 0.00000 0.46700 ( 2)
   7 P   0.00000 0.53129 0.00000 0.46871 ( 2)
   8 I   0.00000 0.53206 0.00000 0.46794 ( 2)
   9 I   0.00000 0.53283 0.00000 0.46717 ( 2)
  10 K   0.00000 0.53336 0.00000 0.46664 ( 2)
  11 E   0.08768 0.44554 0.07871 0.38807 ( 2)
  12 L   0.00015 0.53323 0.00013 0.46649 ( 2)
  13 D   0.52407 0.01045 0.45647 0.00901 ( 1)
  14 D   0.24897 0.28463 0.21845 0.24795 ( 2)
  15 A   0.00000 0.53350 0.00000 0.46649 ( 2)
  16 T   0.53418 0.00000 0.46582 0.00000 ( 1)
  17 P   0.53418 0.00000 0.46582 0.00000 ( 1)
  18 M   0.53485 0.00000 0.46515 0.00000 ( 1)
  19 F   0.53453 0.00000 0.46547 0.00000 ( 1)
  20 E   0.18424 0.00000 0.81576 0.00000 ( 3)
  21 Y   0.36986 0.16249 0.32676 0.14089 ( 1)
  22 E   0.52095 0.00001 0.47904 0.00001 ( 1)
  23 N   0.00000 0.53236 0.00000 0.46764 ( 2)
  24 L   0.00000 0.53079 0.00000 0.46921 ( 2)
  25 E   0.51546 0.01027 0.46532 0.00895 ( 1)
  26 N   0.50550 0.02887 0.44070 0.02494 ( 1)
  27 S   0.00160 0.53215 0.00142 0.46483 ( 2)
  28 K   0.00000 0.53332 0.00000 0.46668 ( 2)
  29 E   0.00000 0.53299 0.00000 0.46701 ( 2)
  30 W   0.53421 0.00000 0.46579 0.00000 ( 1)
  31 T   0.03197 0.50188 0.02821 0.43795 ( 2)
  32 S   0.53418 0.00000 0.46582 0.00000 ( 1)
  33 L   0.53403 0.00000 0.46597 0.00000 ( 1)
  34 F   0.53453 0.00000 0.46547 0.00000 ( 1)
  35 D   0.53452 0.00000 0.46548 0.00000 ( 1)
  36 N   0.17031 0.00000 0.82969 0.00000 ( 3)
  37 D   0.53452 0.00000 0.46548 0.00000 ( 1)
  38 I   0.53430 0.00000 0.46570 0.00000 ( 1)
  39 P   0.52223 0.01189 0.45560 0.01028 ( 1)
  40 V   0.52590 0.00000 0.47409 0.00000 ( 1)
  41 T   0.00110 0.53130 0.00100 0.46660 ( 2)
  42 T   0.00000 0.53351 0.00000 0.46649 ( 2)
  43 D   0.00001 0.53330 0.00001 0.46669 ( 2)
  44 D   0.53452 0.00000 0.46548 0.00000 ( 1)
  45 V   0.53416 0.00001 0.46582 0.00001 ( 1)
  46 I   0.00000 0.53354 0.00000 0.46645 ( 2)
  47 E   0.10020 0.43336 0.08837 0.37808 ( 2)
  48 S   0.00000 0.53267 0.00000 0.46733 ( 2)
  49 T   0.00001 0.53360 0.00001 0.46639 ( 2)
  50 E   0.00000 0.53376 0.00000 0.46624 ( 2)
  51 E   0.00000 0.53372 0.00000 0.46628 ( 2)
  52 V   0.00000 0.53289 0.00000 0.46711 ( 2)
  53 S   0.00000 0.53314 0.00000 0.46686 ( 2)
  54 T   0.00000 0.53344 0.00000 0.46656 ( 2)
  55 T   0.00000 0.53320 0.00000 0.46680 ( 2)
  56 S   0.01009 0.52380 0.00891 0.45720 ( 2)
  57 F   0.53453 0.00000 0.46547 0.00000 ( 1)
  58 L   0.53389 0.00000 0.46611 0.00000 ( 1)
  59 P   0.53419 0.00000 0.46581 0.00000 ( 1)
  60 T   0.53419 0.00000 0.46581 0.00000 ( 1)
  61 P   0.53419 0.00000 0.46581 0.00000 ( 1)
  62 V   0.00012 0.53349 0.00010 0.46629 ( 2)
  63 L   0.50763 0.02669 0.44263 0.02305 ( 1)
  64 E   0.53435 0.00000 0.46565 0.00000 ( 1)
  65 D   0.52969 0.00310 0.46453 0.00268 ( 1)
  66 A   0.00161 0.53126 0.00142 0.46571 ( 2)
  67 K   0.00001 0.53281 0.00001 0.46716 ( 2)
  68 L   0.47904 0.05483 0.41867 0.04745 ( 1)
  69 T   0.00000 0.53315 0.00000 0.46685 ( 2)
  70 Q   0.00000 0.53340 0.00000 0.46660 ( 2)
  71 T   0.00000 0.53255 0.00000 0.46745 ( 2)
  72 D   0.00000 0.53304 0.00000 0.46696 ( 2)
  73 D   0.00000 0.53297 0.00000 0.46703 ( 2)
  74 E   0.00000 0.53277 0.00000 0.46723 ( 2)
  75 S   0.00000 0.53344 0.00000 0.46656 ( 2)
  76 R   0.53436 0.00000 0.46564 0.00000 ( 1)
  77 L   0.00001 0.53345 0.00001 0.46654 ( 2)
  78 D   0.53453 0.00000 0.46547 0.00000 ( 1)
  79 H   0.53452 0.00000 0.46548 0.00000 ( 1)
  80 L   0.53388 0.00000 0.46612 0.00000 ( 1)
  81 G   0.53419 0.00000 0.46581 0.00000 ( 1)
  82 V   0.53419 0.00000 0.46581 0.00000 ( 1)
  83 V   0.53418 0.00000 0.46581 0.00000 ( 1)
  84 A   0.00000 0.53353 0.00000 0.46646 ( 2)
  85 Y   0.53419 0.00000 0.46581 0.00000 ( 1)
  86 N   0.53453 0.00000 0.46547 0.00000 ( 1)
  87 R   0.53414 0.00000 0.46586 0.00000 ( 1)
  88 K   0.53436 0.00000 0.46564 0.00000 ( 1)
  89 Q   0.00000 0.53179 0.00000 0.46821 ( 2)
  90 R   0.53417 0.00000 0.46583 0.00000 ( 1)
  91 S   0.00055 0.53308 0.00049 0.46588 ( 2)
  92 I   0.00002 0.53338 0.00002 0.46658 ( 2)
  93 P   0.53416 0.00000 0.46584 0.00000 ( 1)
  94 L   0.53397 0.00000 0.46603 0.00000 ( 1)
  95 S   0.53418 0.00000 0.46581 0.00000 ( 1)
  96 P   0.53419 0.00000 0.46581 0.00000 ( 1)
  97 I   0.53419 0.00000 0.46581 0.00000 ( 1)
  98 V   0.38626 0.14795 0.33767 0.12812 ( 1)
  99 P   0.52221 0.01062 0.45798 0.00919 ( 1)
 100 E   0.53435 0.00000 0.46565 0.00000 ( 1)
 101 S   0.53292 0.00035 0.46643 0.00030 ( 1)
 102 S   0.53430 0.00020 0.46533 0.00017 ( 1)
 103 D   0.53453 0.00000 0.46547 0.00000 ( 1)
 104 P   0.53419 0.00000 0.46581 0.00000 ( 1)
 105 A   0.51970 0.00831 0.46483 0.00716 ( 1)
 106 A   0.53414 0.00002 0.46582 0.00002 ( 1)
 107 L   0.53210 0.00149 0.46512 0.00129 ( 1)
 108 K   0.53436 0.00000 0.46564 0.00000 ( 1)
 109 R   0.53418 0.00000 0.46582 0.00000 ( 1)
 110 A   0.53419 0.00000 0.46581 0.00000 ( 1)
 111 R   0.53413 0.00001 0.46585 0.00001 ( 1)
 112 N   0.53453 0.00000 0.46547 0.00000 ( 1)
 113 T   0.53419 0.00000 0.46581 0.00000 ( 1)
 114 E   0.53436 0.00000 0.46564 0.00000 ( 1)
 115 A   0.53419 0.00000 0.46581 0.00000 ( 1)
 116 A   0.53419 0.00000 0.46581 0.00000 ( 1)
 117 R   0.53419 0.00000 0.46581 0.00000 ( 1)
 118 R   0.53412 0.00000 0.46588 0.00000 ( 1)
 119 S   0.53411 0.00000 0.46589 0.00000 ( 1)
 120 R   0.53396 0.00000 0.46604 0.00000 ( 1)
 121 A   0.53419 0.00000 0.46581 0.00000 ( 1)
 122 R   0.53419 0.00000 0.46581 0.00000 ( 1)
 123 K   0.53436 0.00000 0.46564 0.00000 ( 1)
 124 L   0.53392 0.00000 0.46607 0.00000 ( 1)
 125 Q   0.53420 0.00000 0.46580 0.00000 ( 1)
 126 R   0.53419 0.00000 0.46581 0.00000 ( 1)
 127 M   0.53485 0.00000 0.46515 0.00000 ( 1)
 128 K   0.53452 0.00000 0.46548 0.00000 ( 1)
 129 Q   0.53420 0.00000 0.46580 0.00000 ( 1)
 130 L   0.53398 0.00000 0.46602 0.00000 ( 1)
 131 E   0.53436 0.00000 0.46564 0.00000 ( 1)
 132 D   0.01648 0.39987 0.25566 0.32800 ( 2)
 133 K   0.53435 0.00000 0.46565 0.00000 ( 1)
 134 V   0.53419 0.00000 0.46581 0.00000 ( 1)
 135 E   0.53436 0.00000 0.46564 0.00000 ( 1)
 136 E   0.45209 0.08172 0.39541 0.07078 ( 1)
 137 L   0.53386 0.00000 0.46614 0.00000 ( 1)
 138 L   0.53205 0.00000 0.46795 0.00000 ( 1)
 139 S   0.00000 0.53221 0.00000 0.46779 ( 2)
 140 K   0.52604 0.00518 0.46429 0.00449 ( 1)
 141 N   0.53453 0.00000 0.46547 0.00000 ( 1)
 142 Y   0.00000 0.53365 0.00000 0.46635 ( 2)
 143 H   0.08847 0.44540 0.07789 0.38824 ( 2)
 144 L   0.53400 0.00000 0.46600 0.00000 ( 1)
 145 E   0.53435 0.00000 0.46565 0.00000 ( 1)
 146 N   0.00000 0.53407 0.00000 0.46592 ( 2)
 147 E   0.53434 0.00000 0.46566 0.00000 ( 1)
 148 V   0.53417 0.00000 0.46583 0.00000 ( 1)
 149 A   0.00000 0.53348 0.00000 0.46652 ( 2)
 150 R   0.53412 0.00000 0.46587 0.00000 ( 1)
 151 L   0.53395 0.00000 0.46605 0.00000 ( 1)
 152 K   0.00808 0.52557 0.00714 0.45921 ( 2)
 153 K   0.00000 0.53364 0.00000 0.46636 ( 2)
 154 L   0.53385 0.00003 0.46609 0.00003 ( 1)
 155 V   0.53401 0.00000 0.46599 0.00000 ( 1)
 156 G   0.00000 0.53357 0.00000 0.46643 ( 2)
 157 E   0.00000 0.53331 0.00000 0.46669 ( 2)
 158 R   0.00000 0.53243 0.00000 0.46757 ( 2)

Ancestral reconstruction by CODONML.

(ZYRO0D091: 4.897605, (((SAKL0F050: 0.648064, (Kwal_55.2: 0.576475, KLTH0F127: 0.897334): 0.860166): 0.450124, (((TPHA0L006: 0.809363, Kpol_487.: 0.682297): 0.252775, (((ADL012C: 1.040521, Ecym_4497: 1.096262): 0.790063, KLLA0D141: 1.274731): 0.339723, TBLA0A009: 1.054529): 0.000004): 0.110204, (NCAS0I001: 0.412620, NDAI0A086: 0.519648): 0.473837): 0.049392): 0.062540, (KNAG0L008: 1.504627, (Skud_5.91: 0.202962, (Suva_5.73: 0.268979, (YEL009C: 0.211561, Smik_5.10: 0.209245): 0.103750): 0.045876): 0.463641): 0.223155): 0.109644, (CAGL0L024: 1.450039, (TDEL0H029: 2.045221, KAFR0L005: 0.904068): 0.177647): 0.050490);

(13, (((18, (20, 19)), (((11, 12), (((16, 17), 15), 10)), (8, 9))), (7, (3, (4, (1, 2))))), (5, (14, 6)));

  21..13   21..22   22..23   23..24   24..18   24..25   25..20   25..19   23..26   26..27   27..28   28..11   28..12   27..29   29..30   30..31   31..16   31..17   30..15   29..10   26..32   32..8    32..9    22..33   33..7    33..34   34..3    34..35   35..4    35..36   36..1    36..2    21..37   37..5    37..38   38..14   38..6  

tree with node labels for Rod Page's TreeView
(13_ZYRO0D091, (((18_SAKL0F050, (20_Kwal_55.2, 19_KLTH0F127) 25 ) 24 , (((11_TPHA0L006, 12_Kpol_487.) 28 , (((16_ADL012C, 17_Ecym_4497) 31 , 15_KLLA0D141) 30 , 10_TBLA0A009) 29 ) 27 , (8_NCAS0I001, 9_NDAI0A086) 32 ) 26 ) 23 , (7_KNAG0L008, (3_Skud_5.91, (4_Suva_5.73, (1_YEL009C, 2_Smik_5.10) 36 ) 35 ) 34 ) 33 ) 22 , (5_CAGL0L024, (14_TDEL0H029, 6_KAFR0L005) 38 ) 37 ) 21 ;

Nodes 21 to 38 are ancestral

(1) Marginal reconstruction of ancestral sequences
(eqn. 4 in Yang et al. 1995 Genetics 141:1641-1650).

Prob of best state at each node, listed by site

   site   Freq   Data: 

   1      1   CCA (P) CCA (P) CGA (R) CCA (P) ATG (M) TAC (Y) CCA (P) CAA (Q) CTT (L) ATG (M) TCC (S) CCA (P) CAA (Q) ATG (M) ATG (M) ATT (I) GCA (A) CAG (Q) CCT (P) CCT (P) :  CCA P 0.273 (P 0.461) CCA P 0.423 (P 0.612) CCA P 0.415 (P 0.609) CCG P 0.285 (P 0.566) CCT P 0.762 (P 0.896) CCA P 0.407 (P 0.590) CCA P 0.359 (P 0.540) CCA P 0.487 (P 0.695) CCA P 0.359 (P 0.540) CCA P 0.125 (L 0.254) ATA I 0.123 (T 0.220) CTA L 0.368 (L 0.490) CCA P 0.636 (P 0.756) CCA P 0.910 (P 0.911) CCA P 0.988 (P 0.989) CCA P 0.998 (P 0.999) CCA P 0.249 (P 0.420) CCA P 0.132 (L 0.308)
   2      1   AGT (S) AGT (S) AGT (S) AGT (S) AAA (K) AAC (N) AGT (S) AGT (S) CTT (L) TCA (S) AAT (N) AAT (N) AGT (S) TCT (S) AAC (N) TCG (S) AGT (S) TCC (S) TCT (S) TCC (S) :  AAT N 0.517 (N 0.575) AAT N 0.502 (N 0.526) AAT N 0.496 (N 0.519) TCT S 0.257 (S 0.533) TCC S 0.487 (S 0.878) AAT N 0.513 (N 0.530) AAT N 0.589 (N 0.609) AAT N 0.816 (N 0.831) AAT N 0.589 (N 0.609) AAT N 0.437 (N 0.524) AGT S 0.195 (S 0.273) AGT S 0.498 (S 0.502) AGT S 0.654 (S 0.672) AGT S 0.997 (S 0.997) AGT S 0.999 (S 0.999) AGT S 0.999 (S 1.000) AAT N 0.524 (N 0.583) AAT N 0.475 (N 0.590)
   3      1   TTA (L) TTA (L) TTA (L) TTA (L) ATG (M) ATT (I) TTA (L) TTG (L) CTG (L) ACT (T) CTA (L) TTG (L) TTA (L) GTC (V) CTA (L) ATG (M) GCG (A) ATT (I) TTA (L) CTT (L) :  TTA L 0.317 (L 0.646) TTA L 0.435 (L 0.835) TTA L 0.401 (L 0.843) TTT F 0.246 (L 0.447) TTT F 0.248 (L 0.633) TTG L 0.407 (L 0.868) TTG L 0.385 (L 0.857) TTG L 0.392 (L 0.916) TTG L 0.385 (L 0.857) TTG L 0.268 (L 0.742) ATG M 0.228 (L 0.242) TTG L 0.730 (L 0.962) TTA L 0.712 (L 0.926) TTA L 0.998 (L 0.999) TTA L 0.999 (L 1.000) TTA L 0.999 (L 1.000) TTA L 0.287 (L 0.591) TTA L 0.174 (L 0.383)
   4      1   TTT (F) TTC (F) TTT (F) TTT (F) TAC (Y) TTA (L) TTT (F) TTT (F) TTT (F) TTT (F) TTA (L) TTC (F) TTT (F) TTT (F) GAA (E) TTT (F) TTT (F) TTT (F) TTC (F) TTC (F) :  TTT F 0.946 (F 1.000) TTT F 0.986 (F 1.000) TTT F 0.988 (F 1.000) TTT F 0.910 (F 1.000) TTC F 0.860 (F 1.000) TTT F 0.989 (F 1.000) TTT F 0.975 (F 1.000) TTT F 0.702 (F 0.990) TTT F 0.975 (F 1.000) TTT F 0.942 (F 0.992) TTT F 0.964 (F 1.000) TTT F 0.996 (F 1.000) TTT F 0.989 (F 1.000) TTT F 0.999 (F 1.000) TTT F 0.998 (F 1.000) TTT F 0.967 (F 1.000) TTT F 0.945 (F 0.999) TTT F 0.917 (F 0.993)
   5      1   GAG (E) GAA (E) GAA (E) GAA (E) GAC (D) TCA (S) AAG (K) GAT (D) GAG (E) GAT (D) GAA (E) GAA (E) GAT (D) CAG (Q) GAA (E) GAT (D) CAG (Q) GAC (D) CCC (P) GAC (D) :  GAA E 0.791 (E 0.866) GAA E 0.868 (E 0.938) GAA E 0.860 (E 0.932) GAC D 0.664 (D 0.713) GAC D 0.651 (D 0.671) GAA E 0.862 (E 0.936) GAA E 0.890 (E 0.948) GAA E 0.943 (E 0.972) GAA E 0.890 (E 0.948) GAA E 0.775 (E 0.876) GAA E 0.282 (E 0.551) GAG E 0.372 (E 0.703) GAA E 0.854 (E 0.934) GAA E 0.995 (E 0.999) GAA E 0.995 (E 1.000) GAA E 0.964 (E 0.999) GAA E 0.777 (E 0.850) GAA E 0.539 (E 0.601)
   6      1   GAT (D) GAT (D) GAT (D) GAC (D) TCA (S) AAT (N) GAG (E) GAT (D) GAA (E) ACT (T) TCT (S) TCT (S) AGC (S) GTT (V) CAT (H) CAC (H) CAG (Q) GGA (G) GGG (G) GAC (D) :  GAT D 0.785 (D 0.795) GAT D 0.915 (D 0.919) GAT D 0.914 (D 0.918) GAT D 0.269 (D 0.345) GAC D 0.263 (D 0.362) GAT D 0.899 (D 0.901) GAT D 0.464 (D 0.465) TCT S 0.468 (S 0.472) GAT D 0.464 (D 0.465) CAT H 0.404 (H 0.432) CAT H 0.292 (H 0.550) GAT D 0.881 (D 0.899) GAT D 0.915 (D 0.930) GAT D 0.992 (D 0.999) GAT D 0.987 (D 0.999) GAT D 0.998 (D 1.000) GAT D 0.761 (D 0.771) GAT D 0.654 (D 0.667)
   7      1   CCA (P) CCA (P) TCA (S) CCA (P) AAC (N) AAT (N) CCC (P) CAA (Q) GAA (E) CCC (P) CCT (P) CCT (P) CCC (P) CCA (P) CCT (P) GAG (E) GAG (E) CCC (P) CCC (P) GTG (V) :  CCC P 0.301 (P 0.707) CCC P 0.404 (P 0.949) CCC P 0.412 (P 0.963) CCC P 0.603 (P 0.904) CCC P 0.245 (P 0.449) CCC P 0.382 (P 0.962) CCT P 0.484 (P 0.978) CCT P 0.777 (P 0.980) CCT P 0.484 (P 0.978) CCT P 0.380 (P 0.749) GAG E 0.375 (E 0.425) CAA Q 0.785 (Q 0.799) CCC P 0.368 (P 0.950) CCA P 0.941 (P 0.944) CCA P 0.989 (P 0.989) CCA P 0.998 (P 0.998) CCC P 0.271 (P 0.634) CCT P 0.208 (P 0.498)
   8      1   ATT (I) ATA (I) ATG (M) ATG (M) GCC (A) ACT (T) CTG (L) TTT (F) CAA (Q) TTA (L) GCT (A) GTA (V) GTG (V) ATG (M) CAT (H) GCC (A) TTA (L) CTC (L) AGC (S) ATT (I) :  ATT I 0.243 (I 0.420) ATT I 0.255 (I 0.448) ATT I 0.220 (I 0.396) ATC I 0.211 (I 0.410) ATT I 0.385 (I 0.730) ATT I 0.173 (L 0.326) GTT V 0.155 (L 0.320) GTT V 0.320 (V 0.671) GTT V 0.155 (L 0.320) GTT V 0.116 (L 0.324) TTA L 0.109 (V 0.247) CTT L 0.230 (L 0.568) ATG M 0.361 (M 0.361) ATG M 0.911 (M 0.911) ATG M 0.903 (M 0.903) ATG M 0.509 (M 0.509) ATT I 0.240 (I 0.414) ATT I 0.260 (I 0.414)
   9      1   ATC (I) ATT (I) ATT (I) ATC (I) GCA (A) ATT (I) CCC (P) ATG (M) CAA (Q) TTT (F) CTT (L) CTG (L) CCC (P) GAC (D) CTC (L) CTG (L) CTG (L) GTC (V) ACT (T) GTC (V) :  ATT I 0.262 (I 0.480) ATT I 0.259 (I 0.485) ATT I 0.223 (I 0.419) GTC V 0.405 (V 0.588) GTC V 0.355 (V 0.528) CTT L 0.266 (L 0.528) CTT L 0.462 (L 0.851) CTT L 0.531 (L 0.935) CTT L 0.462 (L 0.851) CTT L 0.328 (L 0.883) CTG L 0.632 (L 0.913) CTG L 0.217 (L 0.478) ATT I 0.282 (I 0.561) ATT I 0.556 (I 0.996) ATC I 0.521 (I 0.999) ATC I 0.519 (I 0.999) ATT I 0.262 (I 0.479) ATT I 0.296 (I 0.509)
  10      1   AAA (K) AAG (K) AAG (K) AAG (K) AAC (N) AAT (N) TCT (S) ACT (T) GAA (E) AGT (S) GCT (A) TCA (S) GGA (G) CTG (L) CAA (Q) GCG (A) GTA (V) AAA (K) GGC (G) AAG (K) :  AAA K 0.361 (K 0.533) AAA K 0.415 (K 0.585) AAA K 0.480 (K 0.600) AAA K 0.586 (K 0.745) AAG K 0.349 (K 0.501) AAA K 0.457 (K 0.543) AAA K 0.363 (K 0.416) ACA T 0.267 (T 0.459) AAA K 0.363 (K 0.416) AAA K 0.276 (K 0.332) GCA A 0.172 (A 0.291) AAA K 0.363 (K 0.400) AAG K 0.317 (K 0.579) AAG K 0.984 (K 0.997) AAG K 0.986 (K 0.999) AAG K 0.956 (K 0.999) AAA K 0.353 (K 0.523) AAT N 0.368 (K 0.453)
  11      1   GAG (E) GAG (E) GAA (E) GAA (E) GAC (D) GAA (E) GAG (E) GAA (E) GAA (E) GAT (D) GAA (E) GAA (E) TGT (C) GAC (D) GAA (E) GAT (D) GAG (E) CAA (Q) GAC (D) GGC (G) :  GAA E 0.897 (E 0.914) GAA E 0.990 (E 0.999) GAA E 0.996 (E 1.000) GAA E 0.930 (E 0.956) GAC D 0.732 (D 0.767) GAA E 0.997 (E 1.000) GAA E 0.995 (E 0.999) GAA E 0.993 (E 0.998) GAA E 0.995 (E 0.999) GAA E 0.921 (E 0.991) GAA E 0.505 (E 0.934) GAA E 0.996 (E 0.999) GAA E 0.949 (E 0.998) GAA E 0.958 (E 1.000) GAA E 0.929 (E 1.000) GAG E 0.894 (E 1.000) GAA E 0.863 (E 0.879) GAA E 0.849 (E 0.874)
  12      1   CTA (L) TTG (L) TTA (L) CTA (L) ATT (I) TTA (L) GTC (V) TTA (L) TTA (L) ATT (I) ATT (I) CTT (L) TTG (L) CAC (H) TTG (L) TTG (L) CTC (L) TTG (L) GCG (A) TCC (S) :  TTA L 0.782 (L 0.870) TTA L 0.823 (L 0.900) TTA L 0.807 (L 0.896) TTG L 0.446 (L 0.819) TCG S 0.360 (S 0.720) TTA L 0.796 (L 0.883) TTA L 0.450 (L 0.587) TTT F 0.442 (F 0.460) TTA L 0.450 (L 0.587) TTA L 0.337 (L 0.691) TTG L 0.319 (L 0.685) TTA L 0.970 (L 0.987) TTA L 0.804 (L 0.897) TTA L 0.889 (L 0.998) TTA L 0.776 (L 0.999) TTA L 0.738 (L 0.999) TTA L 0.776 (L 0.864) TTA L 0.737 (L 0.845)
  13      1   GAT (D) GAT (D) GAT (D) GAC (D) GAT (D) GAT (D) AGT (S) GAC (D) GAC (D) GAT (D) GAT (D) GAT (D) GGT (G) GAT (D) AAC (N) GAC (D) AGC (S) AAC (N) GAA (E) GAC (D) :  GAT D 0.945 (D 1.000) GAT D 0.925 (D 1.000) GAT D 0.831 (D 1.000) GAC D 0.679 (D 0.985) GAC D 0.834 (D 0.985) GAT D 0.817 (D 1.000) GAT D 0.842 (D 1.000) GAT D 0.935 (D 1.000) GAT D 0.842 (D 1.000) GAC D 0.431 (D 0.791) GAC D 0.657 (D 0.769) GAC D 0.902 (D 1.000) GAT D 0.954 (D 0.997) GAT D 0.989 (D 1.000) GAT D 0.984 (D 1.000) GAT D 0.998 (D 1.000) GAT D 0.945 (D 1.000) GAT D 0.953 (D 1.000)
  14      1   GAC (D) GCC (A) GCT (A) GCT (A) GCC (A) GCT (A) GCT (A) TCA (S) TCT (S) TCA (S) AGT (S) TCT (S) GCG (A) GGG (G) GCA (A) TCT (S) TCG (S) TCT (S) TCC (S) CCG (P) :  GCT A 0.937 (A 0.983) GCT A 0.959 (A 0.973) TCT S 0.970 (S 0.984) TCT S 0.908 (S 0.990) TCG S 0.312 (S 0.941) TCT S 0.975 (S 0.995) TCT S 0.963 (S 0.996) TCT S 0.967 (S 0.982) TCT S 0.963 (S 0.996) TCT S 0.737 (S 0.985) TCT S 0.627 (S 0.991) TCT S 0.851 (S 0.999) GCT A 0.969 (A 0.989) GCT A 0.972 (A 1.000) GCT A 0.942 (A 1.000) GCC A 0.888 (A 0.997) GCT A 0.938 (A 0.985) GCT A 0.913 (A 0.984)
  15      1   GCT (A) GCT (A) GCT (A) GCT (A) GCT (A) GAT (D) GCA (A) AAC (N) GCT (A) GCT (A) GCT (A) GCT (A) GAG (E) CTA (L) TCC (S) GCG (A) CAT (H) GCT (A) CTG (L) CTC (L) :  GCT A 0.922 (A 0.935) GCT A 0.987 (A 0.992) GCT A 0.990 (A 0.994) GCT A 0.761 (A 0.826) CTC L 0.339 (L 0.714) GCT A 0.989 (A 0.994) GCT A 0.989 (A 0.995) GCT A 0.978 (A 0.986) GCT A 0.989 (A 0.995) GCT A 0.596 (A 0.738) GCT A 0.329 (A 0.491) GCT A 0.602 (A 0.723) GCT A 0.956 (A 0.983) GCT A 0.999 (A 0.999) GCT A 1.000 (A 1.000) GCT A 0.999 (A 1.000) GCT A 0.912 (A 0.925) GCT A 0.687 (A 0.719)
  16      1   ACT (T) ACT (T) ACT (T) ACT (T) ACT (T) ACT (T) ACG (T) ACT (T) ACT (T) ACT (T) ACT (T) ACT (T) CAG (Q) ACG (T) ACC (T) ACC (T) ACT (T) TCT (S) ACG (T) ACG (T) :  ACT T 0.985 (T 1.000) ACT T 0.997 (T 1.000) ACT T 0.998 (T 1.000) ACT T 0.905 (T 0.992) ACG T 0.843 (T 1.000) ACT T 0.999 (T 1.000) ACT T 0.996 (T 1.000) ACT T 0.992 (T 1.000) ACT T 0.996 (T 1.000) ACT T 0.766 (T 1.000) ACT T 0.632 (T 1.000) ACT T 0.996 (T 1.000) ACT T 0.974 (T 1.000) ACT T 1.000 (T 1.000) ACT T 1.000 (T 1.000) ACT T 1.000 (T 1.000) ACT T 0.985 (T 1.000) ACT T 0.954 (T 1.000)
  17      1   CCA (P) CCA (P) CCG (P) CCA (P) CCA (P) CCA (P) CCG (P) CCA (P) CCA (P) CCA (P) CCA (P) CCA (P) GCG (A) CCC (P) CCA (P) CCG (P) CCT (P) CCA (P) CCT (P) CCA (P) :  CCA P 0.987 (P 1.000) CCA P 0.995 (P 1.000) CCA P 0.999 (P 1.000) CCA P 0.974 (P 1.000) CCA P 0.835 (P 1.000) CCA P 0.999 (P 1.000) CCA P 0.998 (P 1.000) CCA P 0.993 (P 1.000) CCA P 0.998 (P 1.000) CCA P 0.898 (P 1.000) CCA P 0.388 (P 1.000) CCA P 0.996 (P 1.000) CCA P 0.936 (P 1.000) CCA P 0.924 (P 1.000) CCA P 0.987 (P 1.000) CCA P 0.998 (P 1.000) CCA P 0.987 (P 1.000) CCA P 0.956 (P 1.000)
  18      1   ATG (M) ATG (M) ATG (M) ATG (M) ATG (M) ATG (M) ATG (M) ATG (M) ATG (M) TTA (L) ATG (M) ATT (I) ATG (M) ATG (M) ATT (I) CTG (L) CTG (L) ATG (M) CTG (L) ATG (M) :  ATG M 1.000 (M 1.000) ATG M 1.000 (M 1.000) ATG M 1.000 (M 1.000) ATG M 1.000 (M 1.000) ATG M 0.995 (M 0.995) ATG M 1.000 (M 1.000) ATG M 0.990 (M 0.990) ATG M 0.986 (M 0.986) ATG M 0.990 (M 0.990) ATG M 0.926 (M 0.926) CTG L 0.797 (L 0.951) ATG M 1.000 (M 1.000) ATG M 1.000 (M 1.000) ATG M 1.000 (M 1.000) ATG M 1.000 (M 1.000) ATG M 1.000 (M 1.000) ATG M 1.000 (M 1.000) ATG M 1.000 (M 1.000)
  19      1   TTT (F) TTT (F) TTT (F) TTT (F) TTC (F) TTC (F) TTT (F) TTT (F) TTT (F) TTT (F) TTC (F) TTT (F) TTC (F) TTC (F) TTC (F) TTC (F) CTA (L) TTT (F) TTC (F) TTT (F) :  TTT F 0.642 (F 1.000) TTT F 0.928 (F 1.000) TTT F 0.948 (F 1.000) TTT F 0.954 (F 1.000) TTT F 0.831 (F 1.000) TTT F 0.951 (F 1.000) TTT F 0.923 (F 1.000) TTT F 0.874 (F 1.000) TTT F 0.923 (F 1.000) TTT F 0.598 (F 0.999) TTC F 0.617 (F 0.969) TTT F 0.991 (F 1.000) TTT F 0.963 (F 1.000) TTT F 1.000 (F 1.000) TTT F 1.000 (F 1.000) TTT F 1.000 (F 1.000) TTT F 0.639 (F 1.000) TTC F 0.530 (F 1.000)
  20      1   GAG (E) GAG (E) GAA (E) GAA (E) GAC (D) GAT (D) GAG (E) GAA (E) GAA (E) GAA (E) GCT (A) GAG (E) GAA (E) GAT (D) GAA (E) GAG (E) GGG (G) GAA (E) GAG (E) GAA (E) :  GAA E 0.877 (E 0.944) GAA E 0.954 (E 1.000) GAA E 0.965 (E 1.000) GAA E 0.962 (E 1.000) GAA E 0.836 (E 1.000) GAA E 0.964 (E 1.000) GAA E 0.927 (E 1.000) GAA E 0.671 (E 0.994) GAA E 0.927 (E 1.000) GAA E 0.838 (E 1.000) GAG E 0.736 (E 0.987) GAA E 0.993 (E 1.000) GAA E 0.920 (E 1.000) GAA E 0.943 (E 1.000) GAA E 0.914 (E 1.000) GAG E 0.896 (E 1.000) GAT D 0.642 (D 0.951) GAT D 0.754 (D 0.991)
  21      1   TAT (Y) TAT (Y) TAT (Y) TAC (Y) TAC (Y) TTG (L) TAC (Y) TTT (F) TTC (F) TTT (F) TTC (F) TTC (F) TTG (L) TCG (S) TTG (L) TTC (F) TTG (L) TTT (F) CTT (L) CTT (L) :  TTT F 0.570 (F 0.957) TTT F 0.635 (F 0.988) TTT F 0.647 (F 1.000) TTT F 0.877 (F 0.991) CTT L 0.942 (L 0.977) TTT F 0.622 (F 1.000) TTT F 0.553 (F 1.000) TTC F 0.782 (F 0.999) TTT F 0.553 (F 1.000) TTC F 0.449 (F 0.843) TTC F 0.584 (F 0.831) TTT F 0.616 (F 1.000) TAT Y 0.647 (Y 0.954) TAT Y 0.945 (Y 1.000) TAT Y 0.941 (Y 1.000) TAT Y 0.993 (Y 1.000) TTT F 0.547 (F 0.922) TTT F 0.349 (F 0.598)
  22      1   GAA (E) GAA (E) GAA (E) GAA (E) GAT (D) GAT (D) GAC (D) GAA (E) GAA (E) GAA (E) GAA (E) GAA (E) GAT (D) GAT (D) GAT (D) GAG (E) GAC (D) GAA (E) GAT (D) GAA (E) :  GAT D 0.756 (D 0.816) GAA E 0.936 (E 0.940) GAA E 0.998 (E 0.999) GAA E 0.988 (E 1.000) GAA E 0.944 (E 0.990) GAA E 0.999 (E 1.000) GAA E 0.997 (E 1.000) GAA E 0.995 (E 1.000) GAA E 0.997 (E 1.000) GAA E 0.647 (E 0.779) GAG E 0.399 (E 0.765) GAA E 0.997 (E 1.000) GAA E 0.929 (E 0.941) GAA E 1.000 (E 1.000) GAA E 1.000 (E 1.000) GAA E 1.000 (E 1.000) GAT D 0.921 (D 0.994) GAT D 0.938 (D 0.999)
  23      1   AAC (N) AAC (N) AAC (N) AAC (N) GAT (D) GAA (E) AAC (N) TCA (S) TCC (S) ACT (T) GCT (A) TCT (S) CCA (P) CCC (P) AAC (N) GGT (G) GGA (G) AAC (N) GCT (A) GCC (A) :  AAC N 0.288 (N 0.369) AAC N 0.375 (N 0.458) ACC T 0.259 (T 0.327) AAC N 0.286 (N 0.325) GCC A 0.603 (A 0.786) ACC T 0.362 (T 0.487) ACT T 0.262 (T 0.513) GCT A 0.320 (A 0.404) ACT T 0.262 (T 0.513) ACC T 0.128 (T 0.257) GGT G 0.286 (G 0.569) TCC S 0.642 (S 0.887) AAC N 0.634 (N 0.699) AAC N 0.997 (N 0.997) AAC N 0.999 (N 0.999) AAC N 0.999 (N 1.000) AAC N 0.275 (N 0.353) GAC D 0.260 (D 0.333)
  24      1   CTA (L) CTA (L) CTA (L) CTA (L) AAC (N) TCT (S) GTC (V) TTA (L) CTA (L) TTA (L) TTG (L) ACT (T) CCA (P) GCT (A) CAA (Q) CTC (L) GTC (V) TTG (L) GTC (V) GTT (V) :  TTA L 0.469 (L 0.609) TTA L 0.718 (L 0.883) TTA L 0.772 (L 0.921) TTA L 0.411 (L 0.777) GTT V 0.402 (V 0.823) TTA L 0.799 (L 0.941) TTA L 0.782 (L 0.931) TTA L 0.464 (L 0.704) TTA L 0.782 (L 0.931) TTA L 0.374 (L 0.794) CTC L 0.321 (L 0.533) TTA L 0.812 (L 0.985) TTA L 0.498 (L 0.873) CTA L 0.994 (L 0.999) CTA L 0.999 (L 1.000) CTA L 0.999 (L 1.000) TTA L 0.405 (L 0.532) TTA L 0.219 (L 0.312)
  25      1   GAA (E) GAA (E) GAA (E) GAA (E) CAA (Q) CTA (L) GAA (E) GAT (D) GAC (D) AAC (N) GAA (E) GAT (D) CAG (Q) TTG (L) GAT (D) GGC (G) GAC (D) GAA (E) GAG (E) GAA (E) :  CAA Q 0.785 (Q 0.799) GAA E 0.988 (E 0.998) GAA E 0.975 (E 0.990) GAA E 0.971 (E 1.000) GAA E 0.841 (E 1.000) GAT D 0.527 (D 0.967) GAT D 0.538 (D 0.994) GAT D 0.651 (D 0.987) GAT D 0.538 (D 0.994) GAT D 0.523 (D 0.998) GAC D 0.820 (D 0.985) GAT D 0.558 (D 0.999) GAA E 0.991 (E 1.000) GAA E 1.000 (E 1.000) GAA E 1.000 (E 1.000) GAA E 1.000 (E 1.000) CAA Q 0.880 (Q 0.896) CTA L 0.842 (L 0.905)
  26      1   AAC (N) AAC (N) AAT (N) AAT (N) AAT (N) GAT (D) AAC (N) GAT (D) GAT (D) GAT (D) AAT (N) AAG (K) CAT (H) GAA (E) GGT (G) GAC (D) AAT (N) GAC (D) GAC (D) GAC (D) :  GAT D 0.943 (D 0.959) GAT D 0.943 (D 0.959) GAT D 0.982 (D 0.999) GAC D 0.707 (D 1.000) GAC D 0.947 (D 1.000) GAT D 0.991 (D 0.999) GAT D 0.992 (D 0.999) AAT N 0.923 (N 0.944) GAT D 0.992 (D 0.999) GAT D 0.951 (D 0.994) GAT D 0.760 (D 0.980) GAT D 0.996 (D 1.000) AAT N 0.880 (N 0.931) AAT N 0.955 (N 1.000) AAT N 0.926 (N 1.000) AAC N 0.895 (N 1.000) GAT D 0.943 (D 0.959) GAT D 0.963 (D 0.990)
  27      1   TCT (S) TCT (S) TCT (S) TCT (S) CCA (P) CCA (P) CCT (P) CCA (P) CCA (P) GCT (A) CCA (P) TCT (S) CAG (Q) GAA (E) GTG (V) CCT (P) CAC (H) CCA (P) CCA (P) CCT (P) :  CCA P 0.872 (P 0.956) CCA P 0.848 (P 0.969) CCA P 0.864 (P 0.979) CCA P 0.856 (P 0.965) CCA P 0.615 (P 0.954) CCA P 0.859 (P 0.978) CCA P 0.703 (P 0.943) CCA P 0.598 (P 0.854) CCA P 0.703 (P 0.943) CCA P 0.370 (P 0.721) CCT P 0.279 (P 0.656) CCA P 0.972 (P 0.988) CCT P 0.462 (P 0.786) TCT S 0.992 (S 0.994) TCT S 0.999 (S 0.999) TCT S 0.999 (S 1.000) CCA P 0.871 (P 0.954) CCA P 0.831 (P 0.901)
  28      1   AAA (K) AAA (K) AAA (K) AAG (K) GAA (E) AAC (N) GAG (E) AAG (K) AAA (K) TCA (S) AAA (K) TCT (S) GAA (E) TCC (S) GAA (E) AAG (K) AAG (K) AAG (K) CAA (Q) CAA (Q) :  AAA K 0.834 (K 0.897) AAA K 0.917 (K 0.980) AAA K 0.924 (K 0.989) AAA K 0.688 (K 0.893) CAA Q 0.835 (Q 0.876) AAA K 0.925 (K 0.989) AAA K 0.893 (K 0.946) AAA K 0.725 (K 0.768) AAA K 0.893 (K 0.946) AAA K 0.721 (K 0.848) AAG K 0.636 (K 0.868) AAA K 0.782 (K 0.984) AAA K 0.879 (K 0.952) AAA K 0.983 (K 0.999) AAA K 0.978 (K 1.000) AAA K 0.997 (K 1.000) AAA K 0.820 (K 0.881) AAA K 0.509 (K 0.575)
  29      1   GAA (E) GAA (E) GAA (E) GAA (E) AAC (N) ACC (T) AAG (K) AAT (N) CAA (Q) TCA (S) AAT (N) GAA (E) ACA (T) AAA (K) ACT (T) ACC (T) GAG (E) AGT (S) GGA (G) GGC (G) :  AAA K 0.667 (K 0.698) AAA K 0.758 (K 0.777) AAA K 0.752 (K 0.766) AGA R 0.300 (R 0.331) GGA G 0.370 (G 0.791) AAA K 0.760 (K 0.772) AAA K 0.726 (K 0.740) AAA K 0.657 (K 0.678) AAA K 0.726 (K 0.740) AAA K 0.369 (K 0.442) AAG K 0.149 (K 0.275) AAA K 0.651 (K 0.673) AAA K 0.656 (K 0.697) GAA E 0.993 (E 0.994) GAA E 0.999 (E 0.999) GAA E 0.999 (E 1.000) AAA K 0.651 (K 0.682) AAA K 0.530 (K 0.572)
  30      1   TGG (W) TGG (W) TGG (W) TGG (W) TGG (W) TGG (W) TGG (W) TGG (W) TGG (W) TGG (W) TGG (W) TGG (W) TGG (W) TGG (W) TGG (W) TGG (W) TGG (W) TGG (W) TGG (W) TGG (W) :  TGG W 1.000 (W 1.000) TGG W 1.000 (W 1.000) TGG W 1.000 (W 1.000) TGG W 1.000 (W 1.000) TGG W 1.000 (W 1.000) TGG W 1.000 (W 1.000) TGG W 1.000 (W 1.000) TGG W 1.000 (W 1.000) TGG W 1.000 (W 1.000) TGG W 1.000 (W 1.000) TGG W 1.000 (W 1.000) TGG W 1.000 (W 1.000) TGG W 1.000 (W 1.000) TGG W 1.000 (W 1.000) TGG W 1.000 (W 1.000) TGG W 1.000 (W 1.000) TGG W 1.000 (W 1.000) TGG W 1.000 (W 1.000)
  31      1   ACA (T) ACT (T) ACT (T) ACC (T) ACT (T) ACC (T) ACG (T) ACT (T) ACT (T) ACT (T) ACT (T) ACT (T) GAA (E) GGG (G) ACT (T) TCG (S) TCG (S) GGT (G) AAC (N) ACT (T) :  ACT T 0.920 (T 0.990) ACT T 0.985 (T 0.998) ACT T 0.995 (T 0.998) ACT T 0.754 (T 0.776) ACT T 0.677 (T 0.823) ACT T 0.998 (T 0.999) ACT T 0.997 (T 0.999) ACT T 0.988 (T 0.995) ACT T 0.997 (T 0.999) ACT T 0.816 (T 0.935) TCG S 0.596 (S 0.863) ACT T 0.992 (T 0.996) ACT T 0.952 (T 0.994) ACT T 0.975 (T 1.000) ACT T 0.953 (T 1.000) ACT T 0.946 (T 1.000) ACT T 0.918 (T 0.989) ACT T 0.708 (T 0.962)
  32      1   TCC (S) TCT (S) TCT (S) TCT (S) TCT (S) TCT (S) TCG (S) TCT (S) TCC (S) TCC (S) CCT (P) TCT (S) CCT (P) TCT (S) TCG (S) TCG (S) TCT (S) TCT (S) TCG (S) TCT (S) :  TCT S 0.993 (S 1.000) TCT S 0.997 (S 1.000) TCT S 0.996 (S 1.000) TCT S 0.973 (S 1.000) TCT S 0.832 (S 1.000) TCT S 0.992 (S 1.000) TCT S 0.979 (S 1.000) TCT S 0.981 (S 0.995) TCT S 0.979 (S 1.000) TCT S 0.722 (S 1.000) TCT S 0.597 (S 1.000) TCT S 0.884 (S 1.000) TCT S 0.973 (S 1.000) TCT S 0.998 (S 1.000) TCT S 0.998 (S 1.000) TCT S 0.967 (S 1.000) TCT S 0.993 (S 1.000) TCT S 0.980 (S 1.000)
  33      1   TTG (L) TTG (L) TTG (L) TTG (L) TTG (L) TTG (L) CTG (L) TTA (L) TTA (L) TTG (L) TTA (L) TTG (L) CTG (L) CTC (L) TTG (L) CTC (L) TTG (L) TTG (L) CTC (L) CTT (L) :  TTG L 0.981 (L 1.000) TTG L 0.992 (L 1.000) TTG L 0.989 (L 1.000) TTG L 0.851 (L 1.000) CTT L 0.413 (L 1.000) TTG L 0.980 (L 1.000) TTG L 0.983 (L 1.000) TTG L 0.922 (L 1.000) TTG L 0.983 (L 1.000) TTG L 0.933 (L 1.000) TTG L 0.643 (L 1.000) TTA L 0.882 (L 1.000) TTG L 0.974 (L 1.000) TTG L 1.000 (L 1.000) TTG L 1.000 (L 1.000) TTG L 1.000 (L 1.000) TTG L 0.981 (L 1.000) TTG L 0.933 (L 1.000)
  34      1   TTT (F) TTC (F) TTT (F) TTC (F) TTT (F) TTC (F) TTC (F) TTC (F) TTT (F) TTC (F) TTT (F) TTC (F) TTT (F) TTT (F) TTT (F) TTT (F) TTT (F) TTC (F) TTC (F) TTT (F) :  TTC F 0.718 (F 1.000) TTC F 0.745 (F 1.000) TTC F 0.752 (F 1.000) TTC F 0.815 (F 1.000) TTC F 0.612 (F 1.000) TTC F 0.744 (F 1.000) TTC F 0.722 (F 1.000) TTC F 0.701 (F 1.000) TTC F 0.722 (F 1.000) TTT F 0.608 (F 1.000) TTT F 0.871 (F 1.000) TTC F 0.707 (F 1.000) TTC F 0.743 (F 1.000) TTC F 0.633 (F 1.000) TTC F 0.687 (F 1.000) TTC F 0.676 (F 1.000) TTC F 0.717 (F 1.000) TTC F 0.727 (F 1.000)
  35      1   GAC (D) GAC (D) GAT (D) GAC (D) GAC (D) GAT (D) GAC (D) GAA (E) GAT (D) GAT (D) GAT (D) GAT (D) GGT (G) GAC (D) GAC (D) GAT (D) GAC (D) GAC (D) GAC (D) GAA (E) :  GAC D 0.541 (D 1.000) GAC D 0.539 (D 1.000) GAT D 0.503 (D 1.000) GAC D 0.784 (D 1.000) GAC D 0.816 (D 0.969) GAT D 0.652 (D 1.000) GAT D 0.750 (D 1.000) GAT D 0.900 (D 1.000) GAT D 0.750 (D 1.000) GAT D 0.600 (D 1.000) GAT D 0.569 (D 1.000) GAT D 0.792 (D 0.982) GAC D 0.664 (D 1.000) GAC D 0.753 (D 1.000) GAC D 0.958 (D 1.000) GAC D 0.995 (D 1.000) GAC D 0.541 (D 1.000) GAT D 0.501 (D 1.000)
  36      1   AAT (N) AAT (N) AAC (N) AAC (N) GAT (D) GAT (D) AAT (N) AAT (N) AAC (N) AAT (N) AAC (N) AAC (N) ACT (T) GAT (D) AAT (N) GAC (D) GAC (D) AAC (N) GAT (D) GAT (D) :  AAT N 0.719 (N 0.941) AAT N 0.675 (N 1.000) AAT N 0.643 (N 1.000) AAT N 0.557 (N 0.992) GAT D 0.914 (D 0.986) AAT N 0.625 (N 1.000) AAT N 0.578 (N 1.000) AAC N 0.773 (N 1.000) AAT N 0.578 (N 1.000) AAT N 0.546 (N 0.987) GAC D 0.800 (D 0.966) AAT N 0.618 (N 1.000) AAT N 0.624 (N 1.000) AAC N 0.683 (N 1.000) AAC N 0.664 (N 1.000) AAT N 0.924 (N 1.000) GAT D 0.763 (D 0.967) GAT D 0.834 (D 0.993)
  37      1   GAC (D) GAT (D) GAC (D) GAC (D) GAT (D) GAC (D) GAC (D) GAT (D) GAT (D) GAT (D) GAC (D) GAT (D) GGT (G) GAG (E) GAT (D) GAC (D) GAT (D) GAC (D) GAC (D) GAC (D) :  GAC D 0.673 (D 1.000) GAC D 0.679 (D 1.000) GAC D 0.624 (D 1.000) GAC D 0.883 (D 1.000) GAC D 0.972 (D 1.000) GAT D 0.608 (D 1.000) GAT D 0.688 (D 1.000) GAT D 0.672 (D 1.000) GAT D 0.688 (D 1.000) GAT D 0.729 (D 1.000) GAT D 0.635 (D 1.000) GAT D 0.951 (D 1.000) GAC D 0.844 (D 1.000) GAC D 0.993 (D 1.000) GAC D 0.993 (D 1.000) GAC D 0.963 (D 1.000) GAC D 0.673 (D 1.000) GAC D 0.717 (D 0.998)
  38      1   ATT (I) ATT (I) ATT (I) ATC (I) GTC (V) ATC (I) ATC (I) CTA (L) ATC (I) ATT (I) ATT (I) ATC (I) GAG (E) ATT (I) ATC (I) ATA (I) ATA (I) ATC (I) ATT (I) ATT (I) :  ATC I 0.827 (I 0.996) ATC I 0.815 (I 1.000) ATC I 0.818 (I 1.000) ATC I 0.780 (I 1.000) ATT I 0.869 (I 1.000) ATC I 0.816 (I 1.000) ATC I 0.783 (I 1.000) ATC I 0.752 (I 1.000) ATC I 0.783 (I 1.000) ATC I 0.735 (I 1.000) ATA I 0.797 (I 1.000) ATC I 0.777 (I 0.993) ATC I 0.692 (I 1.000) ATT I 0.886 (I 1.000) ATT I 0.884 (I 1.000) ATT I 0.986 (I 1.000) ATC I 0.827 (I 0.995) ATC I 0.824 (I 0.999)
  39      1   CCA (P) CCC (P) CCA (P) CCT (P) GAG (E) CCA (P) CCC (P) CCA (P) CCA (P) CCT (P) GCT (A) CCT (P) GAT (D) CCT (P) CCA (P) CCG (P) CCC (P) CCC (P) GCA (A) GCT (A) :  CCA P 0.707 (P 0.996) CCA P 0.717 (P 1.000) CCA P 0.695 (P 1.000) CCA P 0.408 (P 0.995) GCT A 0.440 (A 0.991) CCA P 0.689 (P 1.000) CCT P 0.478 (P 1.000) CCT P 0.803 (P 0.997) CCT P 0.478 (P 1.000) CCA P 0.488 (P 1.000) CCG P 0.309 (P 1.000) CCA P 0.964 (P 1.000) CCA P 0.725 (P 1.000) CCA P 0.863 (P 1.000) CCA P 0.836 (P 1.000) CCA P 0.837 (P 1.000) CCA P 0.706 (P 0.995) CCA P 0.712 (P 0.999)
  40      1   GTT (V) GTT (V) GTT (V) GTC (V) ATT (I) GTC (V) GTC (V) ATC (I) ATC (I) GTC (V) GTT (V) GTT (V) GCA (A) ATT (I) GTC (V) GTG (V) GTG (V) GTC (V) GTT (V) GTT (V) :  GTC V 0.642 (V 0.995) GTC V 0.664 (V 1.000) GTC V 0.697 (V 1.000) GTC V 0.688 (V 1.000) GTT V 0.871 (V 1.000) GTC V 0.715 (V 1.000) GTC V 0.689 (V 1.000) GTT V 0.707 (V 1.000) GTC V 0.689 (V 1.000) GTC V 0.658 (V 1.000) GTG V 0.689 (V 1.000) ATC I 0.953 (I 0.990) GTC V 0.561 (V 1.000) GTT V 0.908 (V 1.000) GTT V 0.905 (V 1.000) GTT V 0.989 (V 1.000) GTC V 0.588 (V 0.910) GTC V 0.601 (V 0.909)
