Supplemental results for CODEML (seqf: ../../gcn4_ygob_nt_muscle.phy  treef: ./tree_unrooted_pos_selection.nwk)


TREE #  1


dN/dS (w) for site classes (K=4)

site class             0        1       2a       2b
proportion       0.60806  0.30211  0.06001  0.02981
background w     0.07837  1.00000  0.07837  1.00000
foreground w     0.07837  1.00000  2.01155  2.01155

Naive Empirical Bayes (NEB) probabilities for 4 classes
(amino acids refer to 1st sequence: YEL009C)

   1 P   0.00000 0.81340 0.00000 0.18660 ( 2)
   2 S   0.00000 0.93412 0.00000 0.06588 ( 2)
   3 L   0.00113 0.90768 0.00047 0.09072 ( 2)
   4 F   0.61024 0.00000 0.38975 0.00000 ( 1)
   5 E   0.00009 0.80144 0.00301 0.19546 ( 2)
   6 D   0.00000 0.91582 0.00000 0.08418 ( 2)
   7 P   0.00004 0.85340 0.00076 0.14581 ( 2)
   8 I   0.00000 0.90002 0.00000 0.09998 ( 2)
   9 I   0.00000 0.92693 0.00000 0.07307 ( 2)
  10 K   0.00000 0.93303 0.00000 0.06697 ( 2)
  11 E   0.82500 0.11305 0.05590 0.00604 ( 1)
  12 L   0.00455 0.93154 0.00018 0.06373 ( 2)
  13 D   0.97949 0.00102 0.01944 0.00005 ( 1)
  14 D   0.88615 0.08358 0.02492 0.00534 ( 1)
  15 A   0.00017 0.90526 0.00013 0.09444 ( 2)
  16 T   0.97339 0.00000 0.02661 0.00000 ( 1)
  17 P   0.97282 0.00000 0.02718 0.00000 ( 1)
  18 M   0.98534 0.00000 0.01466 0.00000 ( 1)
  19 F   0.97934 0.00000 0.02066 0.00000 ( 1)
  20 E   0.97535 0.00000 0.02465 0.00000 ( 1)
  21 Y   0.70856 0.01487 0.27531 0.00126 ( 1)
  22 E   0.98015 0.00000 0.01985 0.00000 ( 1)
  23 N   0.00000 0.88636 0.00000 0.11364 ( 2)
  24 L   0.00000 0.90859 0.00000 0.09140 ( 2)
  25 E   0.90112 0.00180 0.09685 0.00023 ( 1)
  26 N   0.97463 0.00279 0.02242 0.00015 ( 1)
  27 S   0.09594 0.84934 0.00287 0.05185 ( 2)
  28 K   0.00031 0.92729 0.00009 0.07231 ( 2)
  29 E   0.00000 0.88195 0.00000 0.11805 ( 2)
  30 W   0.97535 0.00000 0.02465 0.00000 ( 1)
  31 T   0.59822 0.36297 0.01755 0.02126 ( 1)
  32 S   0.97328 0.00000 0.02672 0.00000 ( 1)
  33 L   0.96963 0.00000 0.03037 0.00000 ( 1)
  34 F   0.97960 0.00000 0.02040 0.00000 ( 1)
  35 D   0.97914 0.00000 0.02086 0.00000 ( 1)
  36 N   0.97657 0.00000 0.02343 0.00000 ( 1)
  37 D   0.97896 0.00000 0.02104 0.00000 ( 1)
  38 I   0.97670 0.00000 0.02330 0.00000 ( 1)
  39 P   0.97029 0.00212 0.02747 0.00013 ( 1)
  40 V   0.94987 0.00000 0.05013 0.00000 ( 1)
  41 T   0.02368 0.45488 0.45119 0.07025 ( 2)
  42 T   0.00001 0.94131 0.00000 0.05868 ( 2)
  43 D   0.00136 0.93781 0.00007 0.06075 ( 2)
  44 D   0.98058 0.00000 0.01942 0.00000 ( 1)
  45 V   0.97335 0.00000 0.02665 0.00000 ( 1)
  46 I   0.00095 0.94152 0.00003 0.05750 ( 2)
  47 E   0.58783 0.12905 0.27188 0.01124 ( 1)
  48 S   0.00000 0.87935 0.00000 0.12065 ( 2)
  49 T   0.00100 0.94061 0.00004 0.05835 ( 2)
  50 E   0.00000 0.94736 0.00000 0.05264 ( 2)
  51 E   0.00003 0.92094 0.00002 0.07902 ( 2)
  52 V   0.00000 0.87427 0.00000 0.12573 ( 2)
  53 S   0.00000 0.88889 0.00000 0.11111 ( 2)
  54 T   0.00000 0.91996 0.00000 0.08004 ( 2)
  55 T   0.00000 0.91570 0.00000 0.08430 ( 2)
  56 S   0.31689 0.63857 0.00871 0.03583 ( 2)
  57 F   0.98038 0.00000 0.01962 0.00000 ( 1)
  58 L   0.96476 0.00000 0.03524 0.00000 ( 1)
  59 P   0.97282 0.00000 0.02718 0.00000 ( 1)
  60 T   0.97339 0.00000 0.02661 0.00000 ( 1)
  61 P   0.97316 0.00000 0.02684 0.00000 ( 1)
  62 V   0.01140 0.88999 0.00853 0.09008 ( 2)
  63 L   0.97315 0.00343 0.02323 0.00018 ( 1)
  64 E   0.97748 0.00000 0.02252 0.00000 ( 1)
  65 D   0.22343 0.00008 0.77647 0.00001 ( 3)
  66 A   0.07588 0.75008 0.08580 0.08824 ( 2)
  67 K   0.00139 0.90057 0.00013 0.09790 ( 2)
  68 L   0.94350 0.01966 0.03558 0.00126 ( 1)
  69 T   0.00000 0.92642 0.00000 0.07358 ( 2)
  70 Q   0.00000 0.88819 0.00000 0.11181 ( 2)
  71 T   0.00000 0.91500 0.00000 0.08500 ( 2)
  72 D   0.00000 0.86435 0.00000 0.13565 ( 2)
  73 D   0.00000 0.81668 0.00000 0.18332 ( 2)
  74 E   0.00000 0.90049 0.00000 0.09951 ( 2)
  75 S   0.00000 0.86070 0.00000 0.13930 ( 2)
  76 R   0.97458 0.00000 0.02542 0.00000 ( 1)
  77 L   0.00064 0.94200 0.00002 0.05734 ( 2)
  78 D   0.98055 0.00000 0.01945 0.00000 ( 1)
  79 H   0.98034 0.00000 0.01966 0.00000 ( 1)
  80 L   0.96477 0.00000 0.03523 0.00000 ( 1)
  81 G   0.97343 0.00000 0.02657 0.00000 ( 1)
  82 V   0.97326 0.00000 0.02674 0.00000 ( 1)
  83 V   0.97339 0.00000 0.02661 0.00000 ( 1)
  84 A   0.00022 0.90421 0.00018 0.09539 ( 2)
  85 Y   0.97379 0.00000 0.02621 0.00000 ( 1)
  86 N   0.98035 0.00000 0.01965 0.00000 ( 1)
  87 R   0.88903 0.00000 0.11097 0.00000 ( 1)
  88 K   0.97765 0.00000 0.02235 0.00000 ( 1)
  89 Q   0.00002 0.84644 0.00042 0.15312 ( 2)
  90 R   0.97320 0.00000 0.02680 0.00000 ( 1)
  91 S   0.03112 0.84685 0.02870 0.09333 ( 2)
  92 I   0.00170 0.93748 0.00005 0.06078 ( 2)
  93 P   0.97322 0.00000 0.02678 0.00000 ( 1)
  94 L   0.96355 0.00000 0.03645 0.00000 ( 1)
  95 S   0.97273 0.00000 0.02727 0.00000 ( 1)
  96 P   0.97306 0.00000 0.02694 0.00000 ( 1)
  97 I   0.97339 0.00000 0.02661 0.00000 ( 1)
  98 V   0.95300 0.02206 0.02370 0.00124 ( 1)
  99 P   0.89910 0.00151 0.09925 0.00015 ( 1)
 100 E   0.66094 0.00000 0.33906 0.00000 ( 1)
 101 S   0.56396 0.00007 0.43596 0.00001 ( 1)
 102 S   0.06379 0.00000 0.93620 0.00000 ( 3)
 103 D   0.97851 0.00000 0.02149 0.00000 ( 1)
 104 P   0.97328 0.00000 0.02672 0.00000 ( 1)
 105 A   0.93703 0.00155 0.06131 0.00010 ( 1)
 106 A   0.97329 0.00001 0.02670 0.00000 ( 1)
 107 L   0.96065 0.00050 0.03881 0.00003 ( 1)
 108 K   0.97755 0.00000 0.02245 0.00000 ( 1)
 109 R   0.97317 0.00000 0.02683 0.00000 ( 1)
 110 A   0.97303 0.00000 0.02697 0.00000 ( 1)
 111 R   0.97309 0.00001 0.02690 0.00000 ( 1)
 112 N   0.98064 0.00000 0.01936 0.00000 ( 1)
 113 T   0.97334 0.00000 0.02666 0.00000 ( 1)
 114 E   0.97740 0.00000 0.02260 0.00000 ( 1)
 115 A   0.97330 0.00000 0.02670 0.00000 ( 1)
 116 A   0.97314 0.00000 0.02686 0.00000 ( 1)
 117 R   0.97357 0.00000 0.02643 0.00000 ( 1)
 118 R   0.97119 0.00000 0.02881 0.00000 ( 1)
 119 S   0.96881 0.00000 0.03119 0.00000 ( 1)
 120 R   0.97100 0.00000 0.02900 0.00000 ( 1)
 121 A   0.97312 0.00000 0.02688 0.00000 ( 1)
 122 R   0.97357 0.00000 0.02643 0.00000 ( 1)
 123 K   0.97457 0.00000 0.02543 0.00000 ( 1)
 124 L   0.96281 0.00000 0.03718 0.00000 ( 1)
 125 Q   0.97460 0.00000 0.02540 0.00000 ( 1)
 126 R   0.97357 0.00000 0.02643 0.00000 ( 1)
 127 M   0.98534 0.00000 0.01466 0.00000 ( 1)
 128 K   0.97834 0.00000 0.02166 0.00000 ( 1)
 129 Q   0.97439 0.00000 0.02561 0.00000 ( 1)
 130 L   0.96842 0.00000 0.03158 0.00000 ( 1)
 131 E   0.97718 0.00000 0.02282 0.00000 ( 1)
 132 D   0.84144 0.04178 0.11219 0.00459 ( 1)
 133 K   0.97755 0.00000 0.02245 0.00000 ( 1)
 134 V   0.97338 0.00000 0.02662 0.00000 ( 1)
 135 E   0.97539 0.00000 0.02461 0.00000 ( 1)
 136 E   0.08723 0.00097 0.91167 0.00014 ( 3)
 137 L   0.96482 0.00000 0.03518 0.00000 ( 1)
 138 L   0.91814 0.00000 0.08186 0.00000 ( 1)
 139 S   0.00000 0.87696 0.00001 0.12303 ( 2)
 140 K   0.35642 0.00042 0.64310 0.00006 ( 3)
 141 N   0.97986 0.00000 0.02014 0.00000 ( 1)
 142 Y   0.00001 0.94251 0.00000 0.05747 ( 2)
 143 H   0.58299 0.10996 0.29799 0.00906 ( 1)
 144 L   0.96192 0.00000 0.03808 0.00000 ( 1)
 145 E   0.58465 0.00000 0.41535 0.00000 ( 1)
 146 N   0.00058 0.95097 0.00001 0.04844 ( 2)
 147 E   0.97740 0.00000 0.02260 0.00000 ( 1)
 148 V   0.97215 0.00000 0.02785 0.00000 ( 1)
 149 A   0.00000 0.93769 0.00000 0.06231 ( 2)
 150 R   0.97094 0.00000 0.02905 0.00000 ( 1)
 151 L   0.96432 0.00000 0.03568 0.00000 ( 1)
 152 K   0.35903 0.59223 0.01160 0.03714 ( 2)
 153 K   0.00000 0.94429 0.00000 0.05571 ( 2)
 154 L   0.96487 0.00003 0.03510 0.00000 ( 1)
 155 V   0.97118 0.00000 0.02882 0.00000 ( 1)
 156 G   0.00000 0.89118 0.00000 0.10882 ( 2)
 157 E   0.00000 0.80405 0.00000 0.19595 ( 2)
 158 R   0.00000 0.92315 0.00000 0.07685 ( 2)


lnL = -7436.141342

Bayes Empirical Bayes (BEB) probabilities for 4 classes (class)
(amino acids refer to 1st sequence: YEL009C)

   1 P   0.00000 0.76047 0.00000 0.23953 ( 2)
   2 S   0.00000 0.94652 0.00000 0.05348 ( 2)
   3 L   0.00003 0.91908 0.00002 0.08087 ( 2)
   4 F   0.63388 0.00001 0.36611 0.00000 ( 1)
   5 E   0.00000 0.75086 0.00006 0.24908 ( 2)
   6 D   0.00000 0.93152 0.00000 0.06848 ( 2)
   7 P   0.00000 0.83048 0.00003 0.16949 ( 2)
   8 I   0.00000 0.90778 0.00000 0.09222 ( 2)
   9 I   0.00000 0.94066 0.00000 0.05934 ( 2)
  10 K   0.00000 0.94847 0.00000 0.05153 ( 2)
  11 E   0.18981 0.76784 0.01346 0.02889 ( 2)
  12 L   0.00029 0.95317 0.00001 0.04653 ( 2)
  13 D   0.96976 0.01601 0.01366 0.00057 ( 1)
  14 D   0.44395 0.52212 0.00879 0.02514 ( 2)
  15 A   0.00000 0.92076 0.00000 0.07923 ( 2)
  16 T   0.98109 0.00000 0.01891 0.00000 ( 1)
  17 P   0.98025 0.00000 0.01975 0.00000 ( 1)
  18 M   0.98939 0.00000 0.01061 0.00000 ( 1)
  19 F   0.98498 0.00000 0.01502 0.00000 ( 1)
  20 E   0.98330 0.00000 0.01670 0.00000 ( 1)
  21 Y   0.55428 0.20841 0.22532 0.01200 ( 1)
  22 E   0.98596 0.00001 0.01403 0.00000 ( 1)
  23 N   0.00000 0.89130 0.00000 0.10870 ( 2)
  24 L   0.00000 0.91898 0.00000 0.08102 ( 2)
  25 E   0.90880 0.01349 0.07606 0.00165 ( 1)
  26 N   0.93859 0.04422 0.01539 0.00180 ( 1)
  27 S   0.00342 0.95328 0.00007 0.04323 ( 2)
  28 K   0.00000 0.94410 0.00000 0.05590 ( 2)
  29 E   0.00000 0.88554 0.00000 0.11446 ( 2)
  30 W   0.98302 0.00000 0.01698 0.00000 ( 1)
  31 T   0.06964 0.89038 0.00146 0.03852 ( 2)
  32 S   0.98100 0.00000 0.01900 0.00000 ( 1)
  33 L   0.97882 0.00000 0.02118 0.00000 ( 1)
  34 F   0.98521 0.00000 0.01479 0.00000 ( 1)
  35 D   0.98484 0.00000 0.01516 0.00000 ( 1)
  36 N   0.98396 0.00000 0.01604 0.00000 ( 1)
  37 D   0.98483 0.00000 0.01517 0.00000 ( 1)
  38 I   0.98338 0.00000 0.01662 0.00000 ( 1)
  39 P   0.96150 0.01790 0.01979 0.00082 ( 1)
  40 V   0.95372 0.00001 0.04627 0.00000 ( 1)
  41 T   0.00142 0.81299 0.07024 0.11535 ( 2)
  42 T   0.00000 0.95574 0.00000 0.04426 ( 2)
  43 D   0.00002 0.95508 0.00000 0.04491 ( 2)
  44 D   0.98614 0.00000 0.01386 0.00000 ( 1)
  45 V   0.98088 0.00001 0.01911 0.00000 ( 1)
  46 I   0.00001 0.95571 0.00000 0.04428 ( 2)
  47 E   0.16884 0.70413 0.08328 0.04376 ( 2)
  48 S   0.00000 0.87772 0.00000 0.12228 ( 2)
  49 T   0.00001 0.95554 0.00000 0.04444 ( 2)
  50 E   0.00000 0.96111 0.00000 0.03889 ( 2)
  51 E   0.00000 0.94026 0.00000 0.05974 ( 2)
  52 V   0.00000 0.86945 0.00000 0.13055 ( 2)
  53 S   0.00000 0.88979 0.00000 0.11021 ( 2)
  54 T   0.00000 0.92975 0.00000 0.07025 ( 2)
  55 T   0.00000 0.93256 0.00000 0.06744 ( 2)
  56 S   0.02132 0.94052 0.00041 0.03775 ( 2)
  57 F   0.98590 0.00000 0.01410 0.00000 ( 1)
  58 L   0.97538 0.00000 0.02462 0.00000 ( 1)
  59 P   0.98026 0.00000 0.01974 0.00000 ( 1)
  60 T   0.98110 0.00000 0.01890 0.00000 ( 1)
  61 P   0.98043 0.00000 0.01957 0.00000 ( 1)
  62 V   0.00023 0.92180 0.00022 0.07775 ( 2)
  63 L   0.94229 0.04027 0.01587 0.00157 ( 1)
  64 E   0.98415 0.00000 0.01585 0.00000 ( 1)
  65 D   0.17821 0.00077 0.82092 0.00009 ( 3)
  66 A   0.00282 0.89879 0.00447 0.09392 ( 2)
  67 K   0.00002 0.90824 0.00000 0.09173 ( 2)
  68 L   0.88652 0.08581 0.02372 0.00395 ( 1)
  69 T   0.00000 0.94037 0.00000 0.05963 ( 2)
  70 Q   0.00000 0.88887 0.00000 0.11113 ( 2)
  71 T   0.00000 0.92996 0.00000 0.07004 ( 2)
  72 D   0.00000 0.85698 0.00000 0.14302 ( 2)
  73 D   0.00000 0.77425 0.00000 0.22575 ( 2)
  74 E   0.00000 0.91051 0.00000 0.08949 ( 2)
  75 S   0.00000 0.85427 0.00000 0.14573 ( 2)
  76 R   0.98134 0.00000 0.01866 0.00000 ( 1)
  77 L   0.00001 0.95608 0.00000 0.04391 ( 2)
  78 D   0.98612 0.00000 0.01388 0.00000 ( 1)
  79 H   0.98593 0.00000 0.01407 0.00000 ( 1)
  80 L   0.97540 0.00000 0.02460 0.00000 ( 1)
  81 G   0.98122 0.00000 0.01878 0.00000 ( 1)
  82 V   0.98060 0.00000 0.01940 0.00000 ( 1)
  83 V   0.98110 0.00000 0.01890 0.00000 ( 1)
  84 A   0.00000 0.91963 0.00000 0.08036 ( 2)
  85 Y   0.98131 0.00000 0.01869 0.00000 ( 1)
  86 N   0.98595 0.00000 0.01405 0.00000 ( 1)
  87 R   0.88445 0.00000 0.11555 0.00000 ( 1)
  88 K   0.98441 0.00000 0.01559 0.00000 ( 1)
  89 Q   0.00000 0.83194 0.00001 0.16805 ( 2)
  90 R   0.98100 0.00000 0.01900 0.00000 ( 1)
  91 S   0.00101 0.91241 0.00121 0.08537 ( 2)
  92 I   0.00003 0.95409 0.00000 0.04587 ( 2)
  93 P   0.98069 0.00000 0.01931 0.00000 ( 1)
  94 L   0.97383 0.00000 0.02617 0.00000 ( 1)
  95 S   0.98058 0.00000 0.01941 0.00000 ( 1)
  96 P   0.98011 0.00000 0.01989 0.00000 ( 1)
  97 I   0.98109 0.00000 0.01891 0.00000 ( 1)
  98 V   0.74881 0.22875 0.01307 0.00936 ( 1)
  99 P   0.89880 0.01254 0.08755 0.00111 ( 1)
 100 E   0.67889 0.00000 0.32111 0.00000 ( 1)
 101 S   0.53793 0.00037 0.46167 0.00003 ( 1)
 102 S   0.03658 0.00002 0.96340 0.00000 ( 3)
 103 D   0.98427 0.00000 0.01573 0.00000 ( 1)
 104 P   0.98085 0.00000 0.01915 0.00000 ( 1)
 105 A   0.93284 0.01208 0.05446 0.00062 ( 1)
 106 A   0.98093 0.00003 0.01903 0.00000 ( 1)
 107 L   0.96807 0.00253 0.02927 0.00013 ( 1)
 108 K   0.98432 0.00000 0.01568 0.00000 ( 1)
 109 R   0.98095 0.00000 0.01905 0.00000 ( 1)
 110 A   0.97978 0.00000 0.02022 0.00000 ( 1)
 111 R   0.98106 0.00001 0.01893 0.00000 ( 1)
 112 N   0.98622 0.00000 0.01378 0.00000 ( 1)
 113 T   0.98088 0.00000 0.01912 0.00000 ( 1)
 114 E   0.98407 0.00000 0.01593 0.00000 ( 1)
 115 A   0.98086 0.00000 0.01914 0.00000 ( 1)
 116 A   0.98061 0.00000 0.01939 0.00000 ( 1)
 117 R   0.98158 0.00000 0.01842 0.00000 ( 1)
 118 R   0.97877 0.00000 0.02123 0.00000 ( 1)
 119 S   0.97718 0.00000 0.02282 0.00000 ( 1)
 120 R   0.97869 0.00000 0.02131 0.00000 ( 1)
 121 A   0.98043 0.00000 0.01957 0.00000 ( 1)
 122 R   0.98158 0.00000 0.01842 0.00000 ( 1)
 123 K   0.98132 0.00000 0.01868 0.00000 ( 1)
 124 L   0.97303 0.00001 0.02696 0.00000 ( 1)
 125 Q   0.98217 0.00000 0.01783 0.00000 ( 1)
 126 R   0.98158 0.00000 0.01842 0.00000 ( 1)
 127 M   0.98939 0.00000 0.01061 0.00000 ( 1)
 128 K   0.98413 0.00000 0.01587 0.00000 ( 1)
 129 Q   0.98198 0.00000 0.01802 0.00000 ( 1)
 130 L   0.97744 0.00000 0.02256 0.00000 ( 1)
 131 E   0.98387 0.00000 0.01613 0.00000 ( 1)
 132 D   0.46964 0.43887 0.04950 0.04199 ( 1)
 133 K   0.98427 0.00000 0.01573 0.00000 ( 1)
 134 V   0.98107 0.00000 0.01893 0.00000 ( 1)
 135 E   0.98223 0.00000 0.01777 0.00000 ( 1)
 136 E   0.05299 0.00984 0.93622 0.00095 ( 3)
 137 L   0.97545 0.00000 0.02455 0.00000 ( 1)
 138 L   0.93646 0.00000 0.06354 0.00000 ( 1)
 139 S   0.00000 0.87375 0.00000 0.12625 ( 2)
 140 K   0.33181 0.00303 0.66489 0.00027 ( 3)
 141 N   0.98549 0.00000 0.01451 0.00000 ( 1)
 142 Y   0.00000 0.95640 0.00000 0.04360 ( 2)
 143 H   0.14682 0.73155 0.07943 0.04220 ( 2)
 144 L   0.97167 0.00000 0.02833 0.00000 ( 1)
 145 E   0.58000 0.00000 0.42000 0.00000 ( 1)
 146 N   0.00000 0.96466 0.00000 0.03533 ( 2)
 147 E   0.98407 0.00000 0.01593 0.00000 ( 1)
 148 V   0.98018 0.00000 0.01982 0.00000 ( 1)
 149 A   0.00000 0.95273 0.00000 0.04727 ( 2)
 150 R   0.97854 0.00001 0.02145 0.00000 ( 1)
 151 L   0.97484 0.00000 0.02516 0.00000 ( 1)
 152 K   0.01851 0.93920 0.00040 0.04188 ( 2)
 153 K   0.00000 0.95796 0.00000 0.04204 ( 2)
 154 L   0.97552 0.00004 0.02443 0.00000 ( 1)
 155 V   0.97889 0.00000 0.02111 0.00000 ( 1)
 156 G   0.00000 0.90293 0.00000 0.09707 ( 2)
 157 E   0.00000 0.74836 0.00000 0.25164 ( 2)
 158 R   0.00000 0.93727 0.00000 0.06273 ( 2)

Ancestral reconstruction by CODONML.

(ZYRO0D091: 5.064646, (((SAKL0F050: 0.640966, (Kwal_55.2: 0.578539, KLTH0F127: 0.899835): 0.878409): 0.457717, (((TPHA0L006: 0.808290, Kpol_487.: 0.687627): 0.249532, (((ADL012C: 1.051526, Ecym_4497: 1.101251): 0.804415, KLLA0D141: 1.293480): 0.338025, TBLA0A009: 1.058053): 0.000004): 0.110672, (NCAS0I001: 0.412671, NDAI0A086: 0.521032): 0.473640): 0.049453): 0.054282, (KNAG0L008: 1.517559, (Skud_5.91: 0.201240, (Suva_5.73: 0.268543, (YEL009C: 0.212470, Smik_5.10: 0.208608): 0.104689): 0.047283): 0.467667): 0.221029): 0.127315, (CAGL0L024: 1.458631, (TDEL0H029: 2.152045, KAFR0L005: 0.760103): 0.192888): 0.135672);

(13, (((18, (20, 19)), (((11, 12), (((16, 17), 15), 10)), (8, 9))), (7, (3, (4, (1, 2))))), (5, (14, 6)));

  21..13   21..22   22..23   23..24   24..18   24..25   25..20   25..19   23..26   26..27   27..28   28..11   28..12   27..29   29..30   30..31   31..16   31..17   30..15   29..10   26..32   32..8    32..9    22..33   33..7    33..34   34..3    34..35   35..4    35..36   36..1    36..2    21..37   37..5    37..38   38..14   38..6  

tree with node labels for Rod Page's TreeView
(13_ZYRO0D091, (((18_SAKL0F050, (20_Kwal_55.2, 19_KLTH0F127) 25 ) 24 , (((11_TPHA0L006, 12_Kpol_487.) 28 , (((16_ADL012C, 17_Ecym_4497) 31 , 15_KLLA0D141) 30 , 10_TBLA0A009) 29 ) 27 , (8_NCAS0I001, 9_NDAI0A086) 32 ) 26 ) 23 , (7_KNAG0L008, (3_Skud_5.91, (4_Suva_5.73, (1_YEL009C, 2_Smik_5.10) 36 ) 35 ) 34 ) 33 ) 22 , (5_CAGL0L024, (14_TDEL0H029, 6_KAFR0L005) 38 ) 37 ) 21 ;

Nodes 21 to 38 are ancestral

(1) Marginal reconstruction of ancestral sequences
(eqn. 4 in Yang et al. 1995 Genetics 141:1641-1650).

Prob of best state at each node, listed by site

   site   Freq   Data: 

   1      1   CCA (P) CCA (P) CGA (R) CCA (P) ATG (M) TAC (Y) CCA (P) CAA (Q) CTT (L) ATG (M) TCC (S) CCA (P) CAA (Q) ATG (M) ATG (M) ATT (I) GCA (A) CAG (Q) CCT (P) CCT (P) :  CCA P 0.287 (P 0.464) CCA P 0.462 (P 0.632) CCA P 0.453 (P 0.629) CCG P 0.276 (P 0.570) CCT P 0.761 (P 0.895) CCA P 0.444 (P 0.611) CCA P 0.391 (P 0.560) CCA P 0.507 (P 0.700) CCA P 0.391 (P 0.560) CCA P 0.138 (L 0.247) ACA T 0.126 (T 0.222) CTA L 0.364 (L 0.473) CCA P 0.655 (P 0.763) CCA P 0.908 (P 0.909) CCA P 0.988 (P 0.989) CCA P 0.998 (P 0.999) CCA P 0.157 (L 0.317) CCA P 0.072 (L 0.270)
   2      1   AGT (S) AGT (S) AGT (S) AGT (S) AAA (K) AAC (N) AGT (S) AGT (S) CTT (L) TCA (S) AAT (N) AAT (N) AGT (S) TCT (S) AAC (N) TCG (S) AGT (S) TCC (S) TCT (S) TCC (S) :  AAT N 0.498 (N 0.574) AAT N 0.492 (N 0.520) AAT N 0.488 (N 0.515) TCT S 0.251 (S 0.530) TCC S 0.491 (S 0.876) AAT N 0.506 (N 0.526) AAT N 0.585 (N 0.608) AAT N 0.811 (N 0.827) AAT N 0.585 (N 0.608) AAT N 0.433 (N 0.522) AGT S 0.194 (S 0.273) AGT S 0.506 (S 0.510) AGT S 0.651 (S 0.673) AGT S 0.997 (S 0.997) AGT S 0.999 (S 0.999) AGT S 0.999 (S 1.000) AAT N 0.496 (N 0.635) AAT N 0.432 (N 0.661)
   3      1   TTA (L) TTA (L) TTA (L) TTA (L) ATG (M) ATT (I) TTA (L) TTG (L) CTG (L) ACT (T) CTA (L) TTG (L) TTA (L) GTC (V) CTA (L) ATG (M) GCG (A) ATT (I) TTA (L) CTT (L) :  TTA L 0.312 (L 0.635) TTA L 0.447 (L 0.840) TTA L 0.417 (L 0.847) TTT F 0.249 (L 0.445) TTT F 0.248 (L 0.633) TTG L 0.396 (L 0.874) TTG L 0.376 (L 0.863) TTG L 0.383 (L 0.918) TTG L 0.376 (L 0.863) TTA L 0.269 (L 0.747) ATG M 0.222 (L 0.241) TTG L 0.731 (L 0.963) TTA L 0.715 (L 0.927) TTA L 0.998 (L 0.999) TTA L 0.999 (L 1.000) TTA L 0.999 (L 1.000) ATG M 0.188 (L 0.406) ATT I 0.186 (I 0.378)
   4      1   TTT (F) TTC (F) TTT (F) TTT (F) TAC (Y) TTA (L) TTT (F) TTT (F) TTT (F) TTT (F) TTA (L) TTC (F) TTT (F) TTT (F) GAA (E) TTT (F) TTT (F) TTT (F) TTC (F) TTC (F) :  TTT F 0.939 (F 1.000) TTT F 0.986 (F 1.000) TTT F 0.988 (F 1.000) TTT F 0.910 (F 1.000) TTC F 0.861 (F 1.000) TTT F 0.989 (F 1.000) TTT F 0.974 (F 1.000) TTT F 0.705 (F 0.990) TTT F 0.974 (F 1.000) TTT F 0.941 (F 0.992) TTT F 0.962 (F 1.000) TTT F 0.996 (F 1.000) TTT F 0.989 (F 1.000) TTT F 0.999 (F 1.000) TTT F 0.998 (F 1.000) TTT F 0.966 (F 1.000) TTT F 0.886 (F 0.999) TTT F 0.862 (F 0.993)
   5      1   GAG (E) GAA (E) GAA (E) GAA (E) GAC (D) TCA (S) AAG (K) GAT (D) GAG (E) GAT (D) GAA (E) GAA (E) GAT (D) CAG (Q) GAA (E) GAT (D) CAG (Q) GAC (D) CCC (P) GAC (D) :  GAA E 0.787 (E 0.849) GAA E 0.884 (E 0.944) GAA E 0.878 (E 0.940) GAC D 0.662 (D 0.711) GAC D 0.644 (D 0.664) GAA E 0.878 (E 0.943) GAA E 0.902 (E 0.953) GAA E 0.947 (E 0.973) GAA E 0.902 (E 0.953) GAA E 0.781 (E 0.878) GAA E 0.281 (E 0.547) GAG E 0.368 (E 0.706) GAA E 0.865 (E 0.937) GAA E 0.995 (E 0.999) GAA E 0.995 (E 1.000) GAA E 0.964 (E 0.999) GAA E 0.700 (E 0.761) GAA E 0.453 (E 0.497)
   6      1   GAT (D) GAT (D) GAT (D) GAC (D) TCA (S) AAT (N) GAG (E) GAT (D) GAA (E) ACT (T) TCT (S) TCT (S) AGC (S) GTT (V) CAT (H) CAC (H) CAG (Q) GGA (G) GGG (G) GAC (D) :  GAT D 0.762 (D 0.773) GAT D 0.915 (D 0.920) GAT D 0.915 (D 0.919) GAT D 0.263 (G 0.346) GAC D 0.261 (D 0.358) GAT D 0.899 (D 0.902) GAT D 0.462 (D 0.463) TCT S 0.461 (S 0.466) GAT D 0.462 (D 0.463) CAT H 0.393 (H 0.421) CAT H 0.288 (H 0.543) GAT D 0.881 (D 0.899) GAT D 0.915 (D 0.929) GAT D 0.992 (D 0.999) GAT D 0.986 (D 0.999) GAT D 0.998 (D 1.000) GAT D 0.630 (D 0.642) GAT D 0.527 (D 0.538)
   7      1   CCA (P) CCA (P) TCA (S) CCA (P) AAC (N) AAT (N) CCC (P) CAA (Q) GAA (E) CCC (P) CCT (P) CCT (P) CCC (P) CCA (P) CCT (P) GAG (E) GAG (E) CCC (P) CCC (P) GTG (V) :  CCT P 0.257 (P 0.649) CCC P 0.368 (P 0.946) CCC P 0.376 (P 0.960) CCC P 0.587 (P 0.901) CCC P 0.236 (P 0.440) CCT P 0.379 (P 0.959) CCT P 0.514 (P 0.977) CCT P 0.785 (P 0.979) CCT P 0.514 (P 0.977) CCT P 0.394 (P 0.747) GAG E 0.371 (E 0.422) CAA Q 0.783 (Q 0.798) CCC P 0.342 (P 0.947) CCA P 0.938 (P 0.941) CCA P 0.989 (P 0.989) CCA P 0.998 (P 0.998) CCT P 0.169 (P 0.394) CCT P 0.150 (P 0.288)
   8      1   ATT (I) ATA (I) ATG (M) ATG (M) GCC (A) ACT (T) CTG (L) TTT (F) CAA (Q) TTA (L) GCT (A) GTA (V) GTG (V) ATG (M) CAT (H) GCC (A) TTA (L) CTC (L) AGC (S) ATT (I) :  ATT I 0.253 (I 0.411) ATT I 0.267 (I 0.447) ATT I 0.232 (I 0.396) ATC I 0.203 (I 0.401) ATT I 0.388 (I 0.725) ATT I 0.181 (L 0.336) GTT V 0.157 (L 0.328) GTT V 0.330 (V 0.662) GTT V 0.157 (L 0.328) CTT L 0.122 (L 0.328) TTA L 0.109 (V 0.241) CTT L 0.241 (L 0.566) ATG M 0.337 (M 0.337) ATG M 0.908 (M 0.908) ATG M 0.900 (M 0.900) ATG M 0.506 (M 0.506) ATT I 0.232 (I 0.364) ATT I 0.249 (I 0.355)
   9      1   ATC (I) ATT (I) ATT (I) ATC (I) GCA (A) ATT (I) CCC (P) ATG (M) CAA (Q) TTT (F) CTT (L) CTG (L) CCC (P) GAC (D) CTC (L) CTG (L) CTG (L) GTC (V) ACT (T) GTC (V) :  ATT I 0.304 (I 0.501) ATT I 0.293 (I 0.499) ATT I 0.256 (I 0.439) GTC V 0.383 (V 0.576) GTC V 0.342 (V 0.520) CTT L 0.291 (L 0.529) CTT L 0.495 (L 0.849) CTT L 0.558 (L 0.934) CTT L 0.495 (L 0.849) CTT L 0.350 (L 0.879) CTG L 0.624 (L 0.909) CTG L 0.215 (L 0.476) ATT I 0.311 (I 0.566) ATT I 0.591 (I 0.996) ATT I 0.506 (I 0.999) ATT I 0.506 (I 0.999) ATT I 0.322 (I 0.513) ATT I 0.384 (I 0.566)
  10      1   AAA (K) AAG (K) AAG (K) AAG (K) AAC (N) AAT (N) TCT (S) ACT (T) GAA (E) AGT (S) GCT (A) TCA (S) GGA (G) CTG (L) CAA (Q) GCG (A) GTA (V) AAA (K) GGC (G) AAG (K) :  AAT N 0.382 (K 0.494) AAA K 0.408 (K 0.554) AAA K 0.461 (K 0.569) AAA K 0.580 (K 0.731) AAG K 0.343 (K 0.491) AAA K 0.438 (K 0.515) AAA K 0.346 (K 0.394) ACA T 0.256 (T 0.458) AAA K 0.346 (K 0.394) AAA K 0.269 (K 0.324) GCA A 0.169 (A 0.290) AAA K 0.347 (K 0.381) AAT N 0.322 (K 0.553) AAG K 0.983 (K 0.997) AAG K 0.986 (K 0.999) AAG K 0.956 (K 0.999) AAT N 0.420 (N 0.504) AAT N 0.462 (N 0.537)
  11      1   GAG (E) GAG (E) GAA (E) GAA (E) GAC (D) GAA (E) GAG (E) GAA (E) GAA (E) GAT (D) GAA (E) GAA (E) TGT (C) GAC (D) GAA (E) GAT (D) GAG (E) CAA (Q) GAC (D) GGC (G) :  GAA E 0.889 (E 0.905) GAA E 0.992 (E 0.999) GAA E 0.996 (E 1.000) GAA E 0.932 (E 0.958) GAC D 0.733 (D 0.768) GAA E 0.998 (E 1.000) GAA E 0.995 (E 1.000) GAA E 0.993 (E 0.998) GAA E 0.995 (E 1.000) GAA E 0.921 (E 0.991) GAA E 0.504 (E 0.938) GAA E 0.996 (E 0.999) GAA E 0.951 (E 0.998) GAA E 0.959 (E 1.000) GAA E 0.929 (E 1.000) GAG E 0.894 (E 1.000) GAA E 0.858 (E 0.879) GAA E 0.851 (E 0.877)
  12      1   CTA (L) TTG (L) TTA (L) CTA (L) ATT (I) TTA (L) GTC (V) TTA (L) TTA (L) ATT (I) ATT (I) CTT (L) TTG (L) CAC (H) TTG (L) TTG (L) CTC (L) TTG (L) GCG (A) TCC (S) :  TTA L 0.809 (L 0.892) TTA L 0.848 (L 0.921) TTA L 0.833 (L 0.916) TTG L 0.448 (L 0.828) TCG S 0.358 (S 0.717) TTA L 0.821 (L 0.902) TTA L 0.464 (L 0.598) TTT F 0.440 (F 0.459) TTA L 0.464 (L 0.598) TTA L 0.348 (L 0.695) TTG L 0.312 (L 0.685) TTA L 0.972 (L 0.988) TTA L 0.823 (L 0.911) TTA L 0.892 (L 0.998) TTA L 0.777 (L 0.999) TTA L 0.738 (L 0.999) TTA L 0.773 (L 0.861) TTA L 0.758 (L 0.856)
  13      1   GAT (D) GAT (D) GAT (D) GAC (D) GAT (D) GAT (D) AGT (S) GAC (D) GAC (D) GAT (D) GAT (D) GAT (D) GGT (G) GAT (D) AAC (N) GAC (D) AGC (S) AAC (N) GAA (E) GAC (D) :  GAT D 0.927 (D 1.000) GAT D 0.905 (D 1.000) GAT D 0.826 (D 1.000) GAC D 0.681 (D 0.984) GAC D 0.835 (D 0.985) GAT D 0.812 (D 1.000) GAT D 0.838 (D 1.000) GAT D 0.933 (D 1.000) GAT D 0.838 (D 1.000) GAC D 0.426 (D 0.793) GAC D 0.656 (D 0.771) GAC D 0.901 (D 1.000) GAT D 0.943 (D 0.997) GAT D 0.987 (D 1.000) GAT D 0.982 (D 1.000) GAT D 0.998 (D 1.000) GAT D 0.951 (D 1.000) GAT D 0.962 (D 1.000)
  14      1   GAC (D) GCC (A) GCT (A) GCT (A) GCC (A) GCT (A) GCT (A) TCA (S) TCT (S) TCA (S) AGT (S) TCT (S) GCG (A) GGG (G) GCA (A) TCT (S) TCG (S) TCT (S) TCC (S) CCG (P) :  GCT A 0.934 (A 0.976) GCT A 0.951 (A 0.962) TCT S 0.970 (S 0.982) TCT S 0.908 (S 0.989) TCG S 0.313 (S 0.938) TCT S 0.976 (S 0.994) TCT S 0.963 (S 0.995) TCT S 0.966 (S 0.980) TCT S 0.963 (S 0.995) TCT S 0.736 (S 0.984) TCT S 0.621 (S 0.990) TCT S 0.851 (S 0.999) GCT A 0.966 (A 0.984) GCT A 0.973 (A 1.000) GCT A 0.941 (A 1.000) GCC A 0.888 (A 0.997) GCT A 0.916 (A 0.984) GCT A 0.907 (A 0.984)
  15      1   GCT (A) GCT (A) GCT (A) GCT (A) GCT (A) GAT (D) GCA (A) AAC (N) GCT (A) GCT (A) GCT (A) GCT (A) GAG (E) CTA (L) TCC (S) GCG (A) CAT (H) GCT (A) CTG (L) CTC (L) :  GCT A 0.903 (A 0.917) GCT A 0.987 (A 0.992) GCT A 0.989 (A 0.994) GCT A 0.761 (A 0.826) CTC L 0.340 (L 0.714) GCT A 0.988 (A 0.994) GCT A 0.989 (A 0.995) GCT A 0.977 (A 0.986) GCT A 0.989 (A 0.995) GCT A 0.595 (A 0.736) GCT A 0.322 (A 0.483) GCT A 0.599 (A 0.721) GCT A 0.955 (A 0.982) GCT A 0.999 (A 0.999) GCT A 1.000 (A 1.000) GCT A 0.999 (A 1.000) GCT A 0.837 (A 0.855) GCT A 0.606 (A 0.633)
  16      1   ACT (T) ACT (T) ACT (T) ACT (T) ACT (T) ACT (T) ACG (T) ACT (T) ACT (T) ACT (T) ACT (T) ACT (T) CAG (Q) ACG (T) ACC (T) ACC (T) ACT (T) TCT (S) ACG (T) ACG (T) :  ACT T 0.983 (T 1.000) ACT T 0.997 (T 1.000) ACT T 0.998 (T 1.000) ACT T 0.904 (T 0.992) ACG T 0.843 (T 1.000) ACT T 0.999 (T 1.000) ACT T 0.996 (T 1.000) ACT T 0.992 (T 1.000) ACT T 0.996 (T 1.000) ACT T 0.769 (T 1.000) ACT T 0.632 (T 1.000) ACT T 0.995 (T 1.000) ACT T 0.974 (T 1.000) ACT T 1.000 (T 1.000) ACT T 1.000 (T 1.000) ACT T 1.000 (T 1.000) ACT T 0.978 (T 1.000) ACT T 0.958 (T 1.000)
  17      1   CCA (P) CCA (P) CCG (P) CCA (P) CCA (P) CCA (P) CCG (P) CCA (P) CCA (P) CCA (P) CCA (P) CCA (P) GCG (A) CCC (P) CCA (P) CCG (P) CCT (P) CCA (P) CCT (P) CCA (P) :  CCA P 0.985 (P 1.000) CCA P 0.995 (P 1.000) CCA P 0.999 (P 1.000) CCA P 0.973 (P 1.000) CCA P 0.830 (P 1.000) CCA P 0.999 (P 1.000) CCA P 0.998 (P 1.000) CCA P 0.993 (P 1.000) CCA P 0.998 (P 1.000) CCA P 0.897 (P 1.000) CCA P 0.385 (P 1.000) CCA P 0.996 (P 1.000) CCA P 0.935 (P 1.000) CCA P 0.922 (P 1.000) CCA P 0.986 (P 1.000) CCA P 0.998 (P 1.000) CCA P 0.980 (P 1.000) CCA P 0.960 (P 1.000)
  18      1   ATG (M) ATG (M) ATG (M) ATG (M) ATG (M) ATG (M) ATG (M) ATG (M) ATG (M) TTA (L) ATG (M) ATT (I) ATG (M) ATG (M) ATT (I) CTG (L) CTG (L) ATG (M) CTG (L) ATG (M) :  ATG M 1.000 (M 1.000) ATG M 1.000 (M 1.000) ATG M 1.000 (M 1.000) ATG M 1.000 (M 1.000) ATG M 0.995 (M 0.995) ATG M 1.000 (M 1.000) ATG M 0.990 (M 0.990) ATG M 0.986 (M 0.986) ATG M 0.990 (M 0.990) ATG M 0.926 (M 0.926) CTG L 0.792 (L 0.951) ATG M 1.000 (M 1.000) ATG M 1.000 (M 1.000) ATG M 1.000 (M 1.000) ATG M 1.000 (M 1.000) ATG M 1.000 (M 1.000) ATG M 1.000 (M 1.000) ATG M 1.000 (M 1.000)
  19      1   TTT (F) TTT (F) TTT (F) TTT (F) TTC (F) TTC (F) TTT (F) TTT (F) TTT (F) TTT (F) TTC (F) TTT (F) TTC (F) TTC (F) TTC (F) TTC (F) CTA (L) TTT (F) TTC (F) TTT (F) :  TTT F 0.684 (F 1.000) TTT F 0.945 (F 1.000) TTT F 0.958 (F 1.000) TTT F 0.959 (F 1.000) TTT F 0.831 (F 1.000) TTT F 0.960 (F 1.000) TTT F 0.932 (F 1.000) TTT F 0.881 (F 1.000) TTT F 0.932 (F 1.000) TTT F 0.611 (F 1.000) TTC F 0.610 (F 0.968) TTT F 0.992 (F 1.000) TTT F 0.970 (F 1.000) TTT F 1.000 (F 1.000) TTT F 1.000 (F 1.000) TTT F 1.000 (F 1.000) TTC F 0.568 (F 1.000) TTC F 0.714 (F 1.000)
  20      1   GAG (E) GAG (E) GAA (E) GAA (E) GAC (D) GAT (D) GAG (E) GAA (E) GAA (E) GAA (E) GCT (A) GAG (E) GAA (E) GAT (D) GAA (E) GAG (E) GGG (G) GAA (E) GAG (E) GAA (E) :  GAA E 0.837 (E 0.906) GAA E 0.955 (E 1.000) GAA E 0.964 (E 1.000) GAA E 0.961 (E 1.000) GAA E 0.833 (E 1.000) GAA E 0.964 (E 1.000) GAA E 0.926 (E 1.000) GAA E 0.674 (E 0.994) GAA E 0.926 (E 1.000) GAA E 0.837 (E 1.000) GAG E 0.735 (E 0.987) GAA E 0.993 (E 1.000) GAA E 0.921 (E 1.000) GAA E 0.944 (E 1.000) GAA E 0.914 (E 1.000) GAG E 0.896 (E 1.000) GAT D 0.658 (D 0.924) GAT D 0.801 (D 0.986)
  21      1   TAT (Y) TAT (Y) TAT (Y) TAC (Y) TAC (Y) TTG (L) TAC (Y) TTT (F) TTC (F) TTT (F) TTC (F) TTC (F) TTG (L) TCG (S) TTG (L) TTC (F) TTG (L) TTT (F) CTT (L) CTT (L) :  TTT F 0.575 (F 0.945) TTT F 0.642 (F 0.976) TTT F 0.661 (F 1.000) TTT F 0.882 (F 0.992) CTT L 0.943 (L 0.978) TTT F 0.635 (F 1.000) TTT F 0.564 (F 1.000) TTC F 0.774 (F 1.000) TTT F 0.564 (F 1.000) TTC F 0.442 (F 0.848) TTC F 0.582 (F 0.836) TTT F 0.626 (F 1.000) TAT Y 0.660 (Y 0.955) TAT Y 0.947 (Y 1.000) TAT Y 0.942 (Y 1.000) TAT Y 0.993 (Y 1.000) TTT F 0.516 (F 0.922) TTT F 0.331 (F 0.599)
  22      1   GAA (E) GAA (E) GAA (E) GAA (E) GAT (D) GAT (D) GAC (D) GAA (E) GAA (E) GAA (E) GAA (E) GAA (E) GAT (D) GAT (D) GAT (D) GAG (E) GAC (D) GAA (E) GAT (D) GAA (E) :  GAT D 0.795 (D 0.880) GAA E 0.945 (E 0.950) GAA E 0.998 (E 0.999) GAA E 0.988 (E 1.000) GAA E 0.942 (E 0.990) GAA E 0.999 (E 1.000) GAA E 0.997 (E 1.000) GAA E 0.995 (E 1.000) GAA E 0.997 (E 1.000) GAA E 0.651 (E 0.781) GAG E 0.401 (E 0.767) GAA E 0.997 (E 1.000) GAA E 0.938 (E 0.950) GAA E 1.000 (E 1.000) GAA E 1.000 (E 1.000) GAA E 1.000 (E 1.000) GAT D 0.931 (D 0.994) GAT D 0.951 (D 0.999)
  23      1   AAC (N) AAC (N) AAC (N) AAC (N) GAT (D) GAA (E) AAC (N) TCA (S) TCC (S) ACT (T) GCT (A) TCT (S) CCA (P) CCC (P) AAC (N) GGT (G) GGA (G) AAC (N) GCT (A) GCC (A) :  AAC N 0.288 (N 0.371) AAC N 0.389 (N 0.475) AAC N 0.274 (N 0.340) AAC N 0.309 (N 0.351) GCC A 0.596 (A 0.780) ACC T 0.362 (T 0.488) ACT T 0.264 (T 0.516) GCT A 0.309 (A 0.393) ACT T 0.264 (T 0.516) ACC T 0.130 (T 0.260) GGT G 0.281 (G 0.563) TCC S 0.639 (S 0.885) AAC N 0.637 (N 0.704) AAC N 0.997 (N 0.997) AAC N 0.999 (N 0.999) AAC N 0.999 (N 1.000) GAC D 0.286 (D 0.391) GAC D 0.281 (D 0.382)
  24      1   CTA (L) CTA (L) CTA (L) CTA (L) AAC (N) TCT (S) GTC (V) TTA (L) CTA (L) TTA (L) TTG (L) ACT (T) CCA (P) GCT (A) CAA (Q) CTC (L) GTC (V) TTG (L) GTC (V) GTT (V) :  TTA L 0.471 (L 0.606) TTA L 0.743 (L 0.902) TTA L 0.786 (L 0.931) TTA L 0.414 (L 0.786) GTT V 0.401 (V 0.821) TTA L 0.811 (L 0.949) TTA L 0.792 (L 0.937) TTA L 0.473 (L 0.712) TTA L 0.792 (L 0.937) TTA L 0.383 (L 0.795) CTC L 0.314 (L 0.527) TTA L 0.816 (L 0.985) TTA L 0.517 (L 0.884) CTA L 0.993 (L 0.999) CTA L 0.999 (L 1.000) CTA L 0.999 (L 1.000) TTA L 0.243 (L 0.342) TCT S 0.224 (S 0.419)
  25      1   GAA (E) GAA (E) GAA (E) GAA (E) CAA (Q) CTA (L) GAA (E) GAT (D) GAC (D) AAC (N) GAA (E) GAT (D) CAG (Q) TTG (L) GAT (D) GGC (G) GAC (D) GAA (E) GAG (E) GAA (E) :  CAA Q 0.914 (Q 0.930) GAA E 0.989 (E 0.999) GAA E 0.978 (E 0.992) GAA E 0.972 (E 1.000) GAA E 0.838 (E 1.000) GAT D 0.529 (D 0.968) GAT D 0.540 (D 0.994) GAT D 0.650 (D 0.987) GAT D 0.540 (D 0.994) GAT D 0.524 (D 0.998) GAC D 0.819 (D 0.985) GAT D 0.559 (D 0.999) GAA E 0.991 (E 1.000) GAA E 1.000 (E 1.000) GAA E 1.000 (E 1.000) GAA E 1.000 (E 1.000) CAA Q 0.968 (Q 0.987) CTA L 0.825 (L 0.870)
  26      1   AAC (N) AAC (N) AAT (N) AAT (N) AAT (N) GAT (D) AAC (N) GAT (D) GAT (D) GAT (D) AAT (N) AAG (K) CAT (H) GAA (E) GGT (G) GAC (D) AAT (N) GAC (D) GAC (D) GAC (D) :  GAT D 0.943 (D 0.961) GAT D 0.944 (D 0.961) GAT D 0.980 (D 0.999) GAC D 0.708 (D 1.000) GAC D 0.947 (D 1.000) GAT D 0.990 (D 0.999) GAT D 0.992 (D 0.998) AAT N 0.922 (N 0.944) GAT D 0.992 (D 0.998) GAT D 0.950 (D 0.994) GAT D 0.757 (D 0.979) GAT D 0.996 (D 1.000) AAT N 0.878 (N 0.930) AAT N 0.955 (N 1.000) AAT N 0.925 (N 1.000) AAC N 0.895 (N 1.000) GAT D 0.944 (D 0.961) GAT D 0.966 (D 0.990)
  27      1   TCT (S) TCT (S) TCT (S) TCT (S) CCA (P) CCA (P) CCT (P) CCA (P) CCA (P) GCT (A) CCA (P) TCT (S) CAG (Q) GAA (E) GTG (V) CCT (P) CAC (H) CCA (P) CCA (P) CCT (P) :  CCA P 0.835 (P 0.952) CCA P 0.811 (P 0.967) CCA P 0.828 (P 0.977) CCA P 0.832 (P 0.963) CCA P 0.596 (P 0.952) CCA P 0.824 (P 0.976) CCA P 0.676 (P 0.940) CCA P 0.578 (P 0.855) CCA P 0.676 (P 0.940) CCA P 0.359 (P 0.721) CCT P 0.282 (P 0.652) CCA P 0.968 (P 0.988) CCT P 0.469 (P 0.787) TCT S 0.992 (S 0.994) TCT S 0.999 (S 0.999) TCT S 0.999 (S 1.000) CCA P 0.871 (P 0.945) CCA P 0.853 (P 0.909)
  28      1   AAA (K) AAA (K) AAA (K) AAG (K) GAA (E) AAC (N) GAG (E) AAG (K) AAA (K) TCA (S) AAA (K) TCT (S) GAA (E) TCC (S) GAA (E) AAG (K) AAG (K) AAG (K) CAA (Q) CAA (Q) :  AAA K 0.811 (K 0.886) AAA K 0.910 (K 0.982) AAA K 0.915 (K 0.990) AAA K 0.674 (K 0.893) CAA Q 0.833 (Q 0.875) AAA K 0.917 (K 0.990) AAA K 0.886 (K 0.946) AAA K 0.723 (K 0.770) AAA K 0.886 (K 0.946) AAA K 0.714 (K 0.846) AAG K 0.633 (K 0.864) AAA K 0.774 (K 0.984) AAA K 0.873 (K 0.954) AAA K 0.982 (K 0.999) AAA K 0.977 (K 1.000) AAA K 0.997 (K 1.000) AAA K 0.718 (K 0.788) AAA K 0.402 (K 0.465)
  29      1   GAA (E) GAA (E) GAA (E) GAA (E) AAC (N) ACC (T) AAG (K) AAT (N) CAA (Q) TCA (S) AAT (N) GAA (E) ACA (T) AAA (K) ACT (T) ACC (T) GAG (E) AGT (S) GGA (G) GGC (G) :  AAA K 0.600 (K 0.635) AAA K 0.721 (K 0.742) AAA K 0.719 (K 0.734) AGA R 0.284 (R 0.316) GGA G 0.359 (G 0.792) AAA K 0.728 (K 0.742) AAA K 0.698 (K 0.713) AAA K 0.634 (K 0.656) AAA K 0.698 (K 0.713) AAA K 0.359 (K 0.431) AAG K 0.147 (K 0.269) AAA K 0.629 (K 0.652) AAA K 0.635 (K 0.677) GAA E 0.993 (E 0.993) GAA E 0.999 (E 0.999) GAA E 0.999 (E 0.999) AAA K 0.478 (K 0.518) AAA K 0.361 (K 0.405)
  30      1   TGG (W) TGG (W) TGG (W) TGG (W) TGG (W) TGG (W) TGG (W) TGG (W) TGG (W) TGG (W) TGG (W) TGG (W) TGG (W) TGG (W) TGG (W) TGG (W) TGG (W) TGG (W) TGG (W) TGG (W) :  TGG W 1.000 (W 1.000) TGG W 1.000 (W 1.000) TGG W 1.000 (W 1.000) TGG W 1.000 (W 1.000) TGG W 1.000 (W 1.000) TGG W 1.000 (W 1.000) TGG W 1.000 (W 1.000) TGG W 1.000 (W 1.000) TGG W 1.000 (W 1.000) TGG W 1.000 (W 1.000) TGG W 1.000 (W 1.000) TGG W 1.000 (W 1.000) TGG W 1.000 (W 1.000) TGG W 1.000 (W 1.000) TGG W 1.000 (W 1.000) TGG W 1.000 (W 1.000) TGG W 1.000 (W 1.000) TGG W 1.000 (W 1.000)
  31      1   ACA (T) ACT (T) ACT (T) ACC (T) ACT (T) ACC (T) ACG (T) ACT (T) ACT (T) ACT (T) ACT (T) ACT (T) GAA (E) GGG (G) ACT (T) TCG (S) TCG (S) GGT (G) AAC (N) ACT (T) :  ACT T 0.898 (T 0.989) ACT T 0.984 (T 0.999) ACT T 0.994 (T 0.999) ACT T 0.757 (T 0.780) ACT T 0.677 (T 0.828) ACT T 0.998 (T 0.999) ACT T 0.997 (T 0.999) ACT T 0.988 (T 0.995) ACT T 0.997 (T 0.999) ACT T 0.818 (T 0.938) TCG S 0.597 (S 0.869) ACT T 0.992 (T 0.997) ACT T 0.951 (T 0.994) ACT T 0.975 (T 1.000) ACT T 0.952 (T 1.000) ACT T 0.945 (T 1.000) ACT T 0.826 (T 0.985) ACT T 0.594 (T 0.966)
  32      1   TCC (S) TCT (S) TCT (S) TCT (S) TCT (S) TCT (S) TCG (S) TCT (S) TCC (S) TCC (S) CCT (P) TCT (S) CCT (P) TCT (S) TCG (S) TCG (S) TCT (S) TCT (S) TCG (S) TCT (S) :  TCT S 0.990 (S 1.000) TCT S 0.996 (S 1.000) TCT S 0.996 (S 1.000) TCT S 0.972 (S 1.000) TCT S 0.828 (S 1.000) TCT S 0.991 (S 1.000) TCT S 0.979 (S 1.000) TCT S 0.980 (S 0.995) TCT S 0.979 (S 1.000) TCT S 0.724 (S 1.000) TCT S 0.595 (S 1.000) TCT S 0.883 (S 1.000) TCT S 0.973 (S 1.000) TCT S 0.998 (S 1.000) TCT S 0.998 (S 1.000) TCT S 0.966 (S 1.000) TCT S 0.988 (S 1.000) TCT S 0.980 (S 1.000)
  33      1   TTG (L) TTG (L) TTG (L) TTG (L) TTG (L) TTG (L) CTG (L) TTA (L) TTA (L) TTG (L) TTA (L) TTG (L) CTG (L) CTC (L) TTG (L) CTC (L) TTG (L) TTG (L) CTC (L) CTT (L) :  TTG L 0.979 (L 1.000) TTG L 0.991 (L 1.000) TTG L 0.989 (L 1.000) TTG L 0.851 (L 1.000) CTT L 0.416 (L 1.000) TTG L 0.979 (L 1.000) TTG L 0.982 (L 1.000) TTG L 0.921 (L 1.000) TTG L 0.982 (L 1.000) TTG L 0.931 (L 1.000) TTG L 0.638 (L 1.000) TTA L 0.880 (L 1.000) TTG L 0.974 (L 1.000) TTG L 1.000 (L 1.000) TTG L 1.000 (L 1.000) TTG L 1.000 (L 1.000) TTG L 0.973 (L 1.000) TTG L 0.938 (L 1.000)
  34      1   TTT (F) TTC (F) TTT (F) TTC (F) TTT (F) TTC (F) TTC (F) TTC (F) TTT (F) TTC (F) TTT (F) TTC (F) TTT (F) TTT (F) TTT (F) TTT (F) TTT (F) TTC (F) TTC (F) TTT (F) :  TTC F 0.775 (F 1.000) TTC F 0.798 (F 1.000) TTC F 0.801 (F 1.000) TTC F 0.846 (F 1.000) TTC F 0.626 (F 1.000) TTC F 0.792 (F 1.000) TTC F 0.767 (F 1.000) TTC F 0.739 (F 1.000) TTC F 0.767 (F 1.000) TTT F 0.577 (F 1.000) TTT F 0.862 (F 1.000) TTC F 0.743 (F 1.000) TTC F 0.787 (F 1.000) TTC F 0.664 (F 1.000) TTC F 0.714 (F 1.000) TTC F 0.702 (F 1.000) TTC F 0.756 (F 1.000) TTC F 0.778 (F 1.000)
  35      1   GAC (D) GAC (D) GAT (D) GAC (D) GAC (D) GAT (D) GAC (D) GAA (E) GAT (D) GAT (D) GAT (D) GAT (D) GGT (G) GAC (D) GAC (D) GAT (D) GAC (D) GAC (D) GAC (D) GAA (E) :  GAT D 0.544 (D 1.000) GAT D 0.543 (D 1.000) GAT D 0.574 (D 1.000) GAC D 0.757 (D 1.000) GAC D 0.803 (D 0.968) GAT D 0.701 (D 1.000) GAT D 0.785 (D 1.000) GAT D 0.912 (D 1.000) GAT D 0.785 (D 1.000) GAT D 0.628 (D 1.000) GAT D 0.585 (D 1.000) GAT D 0.817 (D 0.984) GAC D 0.602 (D 1.000) GAC D 0.711 (D 1.000) GAC D 0.951 (D 1.000) GAC D 0.994 (D 1.000) GAT D 0.544 (D 1.000) GAT D 0.601 (D 1.000)
  36      1   AAT (N) AAT (N) AAC (N) AAC (N) GAT (D) GAT (D) AAT (N) AAT (N) AAC (N) AAT (N) AAC (N) AAC (N) ACT (T) GAT (D) AAT (N) GAC (D) GAC (D) AAC (N) GAT (D) GAT (D) :  AAT N 0.652 (N 0.901) AAT N 0.624 (N 1.000) AAT N 0.598 (N 1.000) AAT N 0.519 (N 0.992) GAT D 0.909 (D 0.986) AAT N 0.582 (N 1.000) AAT N 0.538 (N 1.000) AAC N 0.785 (N 1.000) AAT N 0.538 (N 1.000) AAT N 0.514 (N 0.987) GAC D 0.808 (D 0.967) AAT N 0.586 (N 1.000) AAT N 0.579 (N 1.000) AAC N 0.709 (N 1.000) AAC N 0.688 (N 1.000) AAT N 0.922 (N 1.000) GAT D 0.780 (D 0.947) GAT D 0.870 (D 0.989)
  37      1   GAC (D) GAT (D) GAC (D) GAC (D) GAT (D) GAC (D) GAC (D) GAT (D) GAT (D) GAT (D) GAC (D) GAT (D) GGT (G) GAG (E) GAT (D) GAC (D) GAT (D) GAC (D) GAC (D) GAC (D) :  GAC D 0.714 (D 1.000) GAC D 0.716 (D 1.000) GAC D 0.665 (D 1.000) GAC D 0.895 (D 1.000) GAC D 0.973 (D 1.000) GAT D 0.578 (D 1.000) GAT D 0.664 (D 1.000) GAT D 0.651 (D 1.000) GAT D 0.664 (D 1.000) GAT D 0.709 (D 1.000) GAT D 0.621 (D 1.000) GAT D 0.947 (D 1.000) GAC D 0.859 (D 1.000) GAC D 0.994 (D 1.000) GAC D 0.993 (D 1.000) GAC D 0.962 (D 1.000) GAC D 0.715 (D 1.000) GAC D 0.772 (D 0.997)
  38      1   ATT (I) ATT (I) ATT (I) ATC (I) GTC (V) ATC (I) ATC (I) CTA (L) ATC (I) ATT (I) ATT (I) ATC (I) GAG (E) ATT (I) ATC (I) ATA (I) ATA (I) ATC (I) ATT (I) ATT (I) :  ATC I 0.838 (I 0.995) ATC I 0.823 (I 1.000) ATC I 0.826 (I 1.000) ATC I 0.787 (I 1.000) ATT I 0.868 (I 1.000) ATC I 0.823 (I 1.000) ATC I 0.789 (I 1.000) ATC I 0.757 (I 1.000) ATC I 0.789 (I 1.000) ATC I 0.739 (I 1.000) ATA I 0.796 (I 1.000) ATC I 0.780 (I 0.993) ATC I 0.699 (I 1.000) ATT I 0.885 (I 1.000) ATT I 0.884 (I 1.000) ATT I 0.986 (I 1.000) ATC I 0.863 (I 0.995) ATC I 0.869 (I 0.999)
  39      1   CCA (P) CCC (P) CCA (P) CCT (P) GAG (E) CCA (P) CCC (P) CCA (P) CCA (P) CCT (P) GCT (A) CCT (P) GAT (D) CCT (P) CCA (P) CCG (P) CCC (P) CCC (P) GCA (A) GCT (A) :  CCA P 0.726 (P 0.995) CCA P 0.733 (P 1.000) CCA P 0.712 (P 1.000) CCA P 0.411 (P 0.995) GCT A 0.435 (A 0.992) CCA P 0.706 (P 1.000) CCT P 0.468 (P 1.000) CCT P 0.796 (P 0.997) CCT P 0.468 (P 1.000) CCA P 0.492 (P 1.000) CCG P 0.308 (P 1.000) CCA P 0.966 (P 1.000) CCA P 0.737 (P 1.000) CCA P 0.868 (P 1.000) CCA P 0.840 (P 1.000) CCA P 0.839 (P 1.000) CCA P 0.742 (P 0.995) CCA P 0.766 (P 0.999)
  40      1   GTT (V) GTT (V) GTT (V) GTC (V) ATT (I) GTC (V) GTC (V) ATC (I) ATC (I) GTC (V) GTT (V) GTT (V) GCA (A) ATT (I) GTC (V) GTG (V) GTG (V) GTC (V) GTT (V) GTT (V) :  GTC V 0.709 (V 0.994) GTC V 0.728 (V 1.000) GTC V 0.752 (V 1.000) GTC V 0.730 (V 1.000) GTT V 0.865 (V 1.000) GTC V 0.765 (V 1.000) GTC V 0.735 (V 1.000) GTT V 0.683 (V 1.000) GTC V 0.735 (V 1.000) GTC V 0.689 (V 1.000) GTG V 0.685 (V 1.000) ATC I 0.958 (I 0.990) GTC V 0.614 (V 1.000) GTT V 0.900 (V 1.000) GTT V 0.897 (V 1.000) GTT V 0.988 (V 1.000) GTC V 0.659 (V 0.940) GTC V 0.686 (V 0.938)
