Supplemental results for CODEML (seqf: ../../gcn4_ygob_nt_muscle.phy  treef: ./tree_unrooted_pos_selection.nwk)


TREE #  1


dN/dS (w) for site classes (K=4)

site class             0        1       2a       2b
proportion       0.64065  0.32460  0.02306  0.01168
background w     0.07982  1.00000  0.07982  1.00000
foreground w     0.07982  1.00000 22.15540 22.15540

Naive Empirical Bayes (NEB) probabilities for 4 classes
(amino acids refer to 1st sequence: YEL009C)

   1 P   0.00000 0.94559 0.00000 0.05441 ( 2)
   2 S   0.00000 0.97647 0.00000 0.02353 ( 2)
   3 L   0.00114 0.97902 0.00006 0.01979 ( 2)
   4 F   0.87542 0.00000 0.12457 0.00000 ( 1)
   5 E   0.00010 0.98102 0.00000 0.01887 ( 2)
   6 D   0.00000 0.79665 0.00000 0.20335 ( 2)
   7 P   0.00005 0.92775 0.00031 0.07189 ( 2)
   8 I   0.00000 0.94801 0.00000 0.05199 ( 2)
   9 I   0.00000 0.92238 0.00000 0.07762 ( 2)
  10 K   0.00000 0.98641 0.00000 0.01359 ( 2)
  11 E   0.82750 0.13995 0.03054 0.00201 ( 1)
  12 L   0.00401 0.94722 0.00177 0.04700 ( 2)
  13 D   0.99773 0.00123 0.00104 0.00001 ( 1)
  14 D   0.90883 0.08722 0.00274 0.00121 ( 1)
  15 A   0.00018 0.99407 0.00000 0.00575 ( 2)
  16 T   0.99859 0.00000 0.00141 0.00000 ( 1)
  17 P   0.99858 0.00000 0.00142 0.00000 ( 1)
  18 M   0.99929 0.00000 0.00071 0.00000 ( 1)
  19 F   0.99835 0.00000 0.00165 0.00000 ( 1)
  20 E   0.99550 0.00000 0.00450 0.00000 ( 1)
  21 Y   0.78160 0.01987 0.19786 0.00066 ( 1)
  22 E   0.99874 0.00000 0.00126 0.00000 ( 1)
  23 N   0.00000 0.97587 0.00000 0.02413 ( 2)
  24 L   0.00000 0.84524 0.00002 0.15473 ( 2)
  25 E   0.99489 0.00313 0.00194 0.00004 ( 1)
  26 N   0.96615 0.00359 0.03022 0.00004 ( 1)
  27 S   0.09000 0.90463 0.00014 0.00523 ( 2)
  28 K   0.00028 0.98641 0.00001 0.01330 ( 2)
  29 E   0.00000 0.98639 0.00000 0.01361 ( 2)
  30 W   0.99932 0.00000 0.00068 0.00000 ( 1)
  31 T   0.57911 0.41761 0.00095 0.00233 ( 1)
  32 S   0.99862 0.00000 0.00138 0.00000 ( 1)
  33 L   0.99868 0.00000 0.00132 0.00000 ( 1)
  34 F   0.99801 0.00000 0.00199 0.00000 ( 1)
  35 D   0.99839 0.00000 0.00161 0.00000 ( 1)
  36 N   0.99711 0.00000 0.00289 0.00000 ( 1)
  37 D   0.99803 0.00000 0.00197 0.00000 ( 1)
  38 I   0.95265 0.00000 0.04735 0.00000 ( 1)
  39 P   0.06478 0.00017 0.93502 0.00003 ( 3)
  40 V   0.93349 0.00000 0.06651 0.00000 ( 1)
  41 T   0.05648 0.88847 0.00606 0.04899 ( 2)
  42 T   0.00001 0.96501 0.00002 0.03496 ( 2)
  43 D   0.00119 0.99035 0.00001 0.00845 ( 2)
  44 D   0.99898 0.00000 0.00102 0.00000 ( 1)
  45 V   0.99756 0.00000 0.00244 0.00000 ( 1)
  46 I   0.00086 0.95165 0.00245 0.04504 ( 2)
  47 E   0.55066 0.12922 0.31168 0.00845 ( 1)
  48 S   0.00000 0.97783 0.00000 0.02217 ( 2)
  49 T   0.00083 0.98657 0.00004 0.01255 ( 2)
  50 E   0.00000 0.94970 0.00000 0.05030 ( 2)
  51 E   0.00003 0.96561 0.00000 0.03435 ( 2)
  52 V   0.00000 0.97423 0.00000 0.02577 ( 2)
  53 S   0.00000 0.93895 0.00000 0.06105 ( 2)
  54 T   0.00000 0.97869 0.00000 0.02131 ( 2)
  55 T   0.00000 0.97916 0.00000 0.02084 ( 2)
  56 S   0.30002 0.69583 0.00044 0.00371 ( 2)
  57 F   0.99900 0.00000 0.00100 0.00000 ( 1)
  58 L   0.99700 0.00000 0.00300 0.00000 ( 1)
  59 P   0.99857 0.00000 0.00143 0.00000 ( 1)
  60 T   0.99529 0.00000 0.00471 0.00000 ( 1)
  61 P   0.99645 0.00000 0.00355 0.00000 ( 1)
  62 V   0.01196 0.97577 0.00004 0.01223 ( 2)
  63 L   0.99446 0.00436 0.00116 0.00002 ( 1)
  64 E   0.99905 0.00000 0.00095 0.00000 ( 1)
  65 D   0.99746 0.00053 0.00201 0.00000 ( 1)
  66 A   0.07661 0.88189 0.01534 0.02616 ( 2)
  67 K   0.00112 0.98670 0.00003 0.01215 ( 2)
  68 L   0.95176 0.02418 0.02320 0.00086 ( 1)
  69 T   0.00000 0.96138 0.00000 0.03862 ( 2)
  70 Q   0.00000 0.97008 0.00000 0.02992 ( 2)
  71 T   0.00000 0.95162 0.00000 0.04838 ( 2)
  72 D   0.00000 0.97383 0.00000 0.02617 ( 2)
  73 D   0.00000 0.99027 0.00000 0.00973 ( 2)
  74 E   0.00000 0.98665 0.00000 0.01335 ( 2)
  75 S   0.00000 0.98801 0.00000 0.01199 ( 2)
  76 R   0.99888 0.00000 0.00112 0.00000 ( 1)
  77 L   0.00067 0.98506 0.00000 0.01426 ( 2)
  78 D   0.99896 0.00000 0.00104 0.00000 ( 1)
  79 H   0.99761 0.00000 0.00239 0.00000 ( 1)
  80 L   0.99706 0.00000 0.00294 0.00000 ( 1)
  81 G   0.99862 0.00000 0.00138 0.00000 ( 1)
  82 V   0.99556 0.00000 0.00444 0.00000 ( 1)
  83 V   0.99860 0.00000 0.00140 0.00000 ( 1)
  84 A   0.00024 0.98385 0.00006 0.01586 ( 2)
  85 Y   0.99897 0.00000 0.00103 0.00000 ( 1)
  86 N   0.99886 0.00000 0.00114 0.00000 ( 1)
  87 R   0.99678 0.00000 0.00322 0.00000 ( 1)
  88 K   0.99904 0.00000 0.00096 0.00000 ( 1)
  89 Q   0.00002 0.97404 0.00000 0.02593 ( 2)
  90 R   0.95564 0.00000 0.04436 0.00000 ( 1)
  91 S   0.03262 0.95925 0.00006 0.00807 ( 2)
  92 I   0.00139 0.79298 0.03945 0.16617 ( 2)
  93 P   0.87471 0.00000 0.12529 0.00000 ( 1)
  94 L   0.99795 0.00000 0.00205 0.00000 ( 1)
  95 S   0.99862 0.00000 0.00138 0.00000 ( 1)
  96 P   0.99816 0.00000 0.00184 0.00000 ( 1)
  97 I   0.99839 0.00000 0.00161 0.00000 ( 1)
  98 V   0.97038 0.02830 0.00117 0.00015 ( 1)
  99 P   0.98998 0.00250 0.00748 0.00004 ( 1)
 100 E   0.99902 0.00000 0.00098 0.00000 ( 1)
 101 S   0.14903 0.00002 0.85095 0.00000 ( 3)
 102 S   0.99772 0.00006 0.00221 0.00000 ( 1)
 103 D   0.99796 0.00000 0.00204 0.00000 ( 1)
 104 P   0.99829 0.00000 0.00171 0.00000 ( 1)
 105 A   0.88530 0.00184 0.11281 0.00005 ( 1)
 106 A   0.92143 0.00001 0.07855 0.00000 ( 1)
 107 L   0.99725 0.00060 0.00215 0.00000 ( 1)
 108 K   0.99899 0.00000 0.00101 0.00000 ( 1)
 109 R   0.99858 0.00000 0.00142 0.00000 ( 1)
 110 A   0.99698 0.00000 0.00302 0.00000 ( 1)
 111 R   0.91682 0.00001 0.08318 0.00000 ( 1)
 112 N   0.99756 0.00000 0.00244 0.00000 ( 1)
 113 T   0.99776 0.00000 0.00224 0.00000 ( 1)
 114 E   0.99756 0.00000 0.00244 0.00000 ( 1)
 115 A   0.99791 0.00000 0.00209 0.00000 ( 1)
 116 A   0.99550 0.00000 0.00450 0.00000 ( 1)
 117 R   0.99888 0.00000 0.00112 0.00000 ( 1)
 118 R   0.96447 0.00000 0.03553 0.00000 ( 1)
 119 S   0.99653 0.00000 0.00347 0.00000 ( 1)
 120 R   0.99684 0.00000 0.00316 0.00000 ( 1)
 121 A   0.99609 0.00000 0.00391 0.00000 ( 1)
 122 R   0.99888 0.00000 0.00112 0.00000 ( 1)
 123 K   0.99890 0.00000 0.00110 0.00000 ( 1)
 124 L   0.99739 0.00001 0.00261 0.00000 ( 1)
 125 Q   0.99904 0.00000 0.00096 0.00000 ( 1)
 126 R   0.99888 0.00000 0.00112 0.00000 ( 1)
 127 M   0.99929 0.00000 0.00071 0.00000 ( 1)
 128 K   0.99852 0.00000 0.00148 0.00000 ( 1)
 129 Q   0.99769 0.00000 0.00231 0.00000 ( 1)
 130 L   0.97885 0.00000 0.02114 0.00000 ( 1)
 131 E   0.99767 0.00000 0.00233 0.00000 ( 1)
 132 D   0.92418 0.05471 0.01998 0.00114 ( 1)
 133 K   0.99905 0.00000 0.00095 0.00000 ( 1)
 134 V   0.99703 0.00000 0.00297 0.00000 ( 1)
 135 E   0.99801 0.00000 0.00199 0.00000 ( 1)
 136 E   0.98758 0.01117 0.00119 0.00006 ( 1)
 137 L   0.99606 0.00000 0.00394 0.00000 ( 1)
 138 L   0.99763 0.00000 0.00237 0.00000 ( 1)
 139 S   0.00000 0.97195 0.00000 0.02804 ( 2)
 140 K   0.99478 0.00129 0.00392 0.00001 ( 1)
 141 N   0.99803 0.00000 0.00197 0.00000 ( 1)
 142 Y   0.00001 0.93498 0.00005 0.06496 ( 2)
 143 H   0.83395 0.16254 0.00199 0.00152 ( 1)
 144 L   0.99547 0.00000 0.00453 0.00000 ( 1)
 145 E   0.99903 0.00000 0.00097 0.00000 ( 1)
 146 N   0.00054 0.99452 0.00000 0.00494 ( 2)
 147 E   0.99899 0.00000 0.00101 0.00000 ( 1)
 148 V   0.99859 0.00000 0.00141 0.00000 ( 1)
 149 A   0.00000 0.89785 0.00000 0.10215 ( 2)
 150 R   0.96133 0.00000 0.03866 0.00000 ( 1)
 151 L   0.99776 0.00000 0.00224 0.00000 ( 1)
 152 K   0.33138 0.65982 0.00109 0.00770 ( 2)
 153 K   0.00000 0.98667 0.00000 0.01333 ( 2)
 154 L   0.99849 0.00003 0.00147 0.00000 ( 1)
 155 V   0.99628 0.00000 0.00372 0.00000 ( 1)
 156 G   0.00000 0.99196 0.00000 0.00804 ( 2)
 157 E   0.00000 0.97778 0.00000 0.02222 ( 2)
 158 R   0.00000 0.84973 0.00000 0.15027 ( 2)


lnL = -7437.017300

Bayes Empirical Bayes (BEB) probabilities for 4 classes (class)
(amino acids refer to 1st sequence: YEL009C)

   1 P   0.00000 0.92532 0.00000 0.07468 ( 2)
   2 S   0.00000 0.96529 0.00000 0.03471 ( 2)
   3 L   0.00003 0.96906 0.00000 0.03091 ( 2)
   4 F   0.78373 0.00002 0.21625 0.00000 ( 1)
   5 E   0.00000 0.97185 0.00000 0.02815 ( 2)
   6 D   0.00000 0.78882 0.00000 0.21118 ( 2)
   7 P   0.00000 0.90811 0.00001 0.09188 ( 2)
   8 I   0.00000 0.93451 0.00000 0.06549 ( 2)
   9 I   0.00000 0.91147 0.00000 0.08853 ( 2)
  10 K   0.00000 0.97868 0.00000 0.02132 ( 2)
  11 E   0.14818 0.82008 0.01282 0.01892 ( 2)
  12 L   0.00023 0.93796 0.00020 0.06160 ( 2)
  13 D   0.97674 0.02077 0.00225 0.00024 ( 1)
  14 D   0.43144 0.55550 0.00188 0.01118 ( 2)
  15 A   0.00000 0.98541 0.00000 0.01459 ( 2)
  16 T   0.99640 0.00000 0.00360 0.00000 ( 1)
  17 P   0.99590 0.00000 0.00410 0.00000 ( 1)
  18 M   0.99848 0.00000 0.00152 0.00000 ( 1)
  19 F   0.99708 0.00000 0.00292 0.00000 ( 1)
  20 E   0.99302 0.00000 0.00698 0.00000 ( 1)
  21 Y   0.46701 0.23186 0.29060 0.01053 ( 1)
  22 E   0.99749 0.00002 0.00250 0.00000 ( 1)
  23 N   0.00000 0.96627 0.00000 0.03373 ( 2)
  24 L   0.00000 0.82656 0.00000 0.17344 ( 2)
  25 E   0.97049 0.02439 0.00445 0.00066 ( 1)
  26 N   0.85969 0.05740 0.08174 0.00117 ( 1)
  27 S   0.00277 0.98223 0.00001 0.01499 ( 2)
  28 K   0.00000 0.97498 0.00000 0.02502 ( 2)
  29 E   0.00000 0.97795 0.00000 0.02205 ( 2)
  30 W   0.99793 0.00000 0.00207 0.00000 ( 1)
  31 T   0.05578 0.93162 0.00021 0.01239 ( 2)
  32 S   0.99633 0.00000 0.00367 0.00000 ( 1)
  33 L   0.99650 0.00000 0.00350 0.00000 ( 1)
  34 F   0.99678 0.00000 0.00322 0.00000 ( 1)
  35 D   0.99718 0.00000 0.00282 0.00000 ( 1)
  36 N   0.99470 0.00000 0.00530 0.00000 ( 1)
  37 D   0.99686 0.00000 0.00314 0.00000 ( 1)
  38 I   0.87179 0.00000 0.12820 0.00000 ( 1)
  39 P   0.02770 0.00066 0.97153 0.00010 ( 3)
  40 V   0.86009 0.00001 0.13991 0.00000 ( 1)
  41 T   0.00180 0.92969 0.00033 0.06819 ( 2)
  42 T   0.00000 0.94230 0.00000 0.05770 ( 2)
  43 D   0.00001 0.98466 0.00000 0.01533 ( 2)
  44 D   0.99772 0.00000 0.00228 0.00000 ( 1)
  45 V   0.99587 0.00001 0.00411 0.00000 ( 1)
  46 I   0.00001 0.92463 0.00008 0.07529 ( 2)
  47 E   0.13634 0.66381 0.14697 0.05287 ( 2)
  48 S   0.00000 0.96596 0.00000 0.03404 ( 2)
  49 T   0.00001 0.97452 0.00000 0.02547 ( 2)
  50 E   0.00000 0.91992 0.00000 0.08008 ( 2)
  51 E   0.00000 0.95395 0.00000 0.04605 ( 2)
  52 V   0.00000 0.96432 0.00000 0.03568 ( 2)
  53 S   0.00000 0.92803 0.00000 0.07197 ( 2)
  54 T   0.00000 0.96808 0.00000 0.03192 ( 2)
  55 T   0.00000 0.97252 0.00000 0.02748 ( 2)
  56 S   0.01733 0.96982 0.00006 0.01279 ( 2)
  57 F   0.99764 0.00000 0.00236 0.00000 ( 1)
  58 L   0.99455 0.00000 0.00545 0.00000 ( 1)
  59 P   0.99589 0.00000 0.00411 0.00000 ( 1)
  60 T   0.99398 0.00000 0.00602 0.00000 ( 1)
  61 P   0.99507 0.00000 0.00493 0.00000 ( 1)
  62 V   0.00020 0.98068 0.00000 0.01911 ( 2)
  63 L   0.94281 0.05389 0.00265 0.00065 ( 1)
  64 E   0.99756 0.00000 0.00244 0.00000 ( 1)
  65 D   0.98930 0.00673 0.00388 0.00009 ( 1)
  66 A   0.00228 0.95469 0.00095 0.04207 ( 2)
  67 K   0.00002 0.98037 0.00000 0.01962 ( 2)
  68 L   0.86193 0.10568 0.02716 0.00523 ( 1)
  69 T   0.00000 0.93853 0.00000 0.06147 ( 2)
  70 Q   0.00000 0.94982 0.00000 0.05018 ( 2)
  71 T   0.00000 0.94158 0.00000 0.05842 ( 2)
  72 D   0.00000 0.96152 0.00000 0.03848 ( 2)
  73 D   0.00000 0.98010 0.00000 0.01990 ( 2)
  74 E   0.00000 0.97511 0.00000 0.02489 ( 2)
  75 S   0.00000 0.97669 0.00000 0.02331 ( 2)
  76 R   0.99745 0.00000 0.00255 0.00000 ( 1)
  77 L   0.00001 0.97891 0.00000 0.02108 ( 2)
  78 D   0.99770 0.00000 0.00230 0.00000 ( 1)
  79 H   0.99646 0.00000 0.00354 0.00000 ( 1)
  80 L   0.99461 0.00000 0.00539 0.00000 ( 1)
  81 G   0.99650 0.00000 0.00350 0.00000 ( 1)
  82 V   0.99400 0.00000 0.00600 0.00000 ( 1)
  83 V   0.99641 0.00000 0.00359 0.00000 ( 1)
  84 A   0.00000 0.96526 0.00000 0.03473 ( 2)
  85 Y   0.99718 0.00000 0.00282 0.00000 ( 1)
  86 N   0.99764 0.00000 0.00236 0.00000 ( 1)
  87 R   0.99521 0.00000 0.00479 0.00000 ( 1)
  88 K   0.99771 0.00000 0.00229 0.00000 ( 1)
  89 Q   0.00000 0.96346 0.00000 0.03654 ( 2)
  90 R   0.94694 0.00000 0.05306 0.00000 ( 1)
  91 S   0.00090 0.98264 0.00000 0.01646 ( 2)
  92 I   0.00003 0.81053 0.00198 0.18747 ( 2)
  93 P   0.74814 0.00000 0.25186 0.00000 ( 1)
  94 L   0.99566 0.00000 0.00434 0.00000 ( 1)
  95 S   0.99642 0.00000 0.00358 0.00000 ( 1)
  96 P   0.99568 0.00000 0.00432 0.00000 ( 1)
  97 I   0.99630 0.00000 0.00369 0.00000 ( 1)
  98 V   0.70230 0.29190 0.00200 0.00380 ( 1)
  99 P   0.96779 0.02186 0.00984 0.00051 ( 1)
 100 E   0.99753 0.00000 0.00247 0.00000 ( 1)
 101 S   0.04971 0.00004 0.95024 0.00000 ( 3)
 102 S   0.99621 0.00042 0.00336 0.00001 ( 1)
 103 D   0.99679 0.00000 0.00321 0.00000 ( 1)
 104 P   0.99610 0.00000 0.00390 0.00000 ( 1)
 105 A   0.79336 0.01368 0.19246 0.00049 ( 1)
 106 A   0.78120 0.00003 0.21877 0.00000 ( 1)
 107 L   0.99215 0.00309 0.00471 0.00005 ( 1)
 108 K   0.99765 0.00000 0.00235 0.00000 ( 1)
 109 R   0.99640 0.00000 0.00360 0.00000 ( 1)
 110 A   0.99554 0.00000 0.00446 0.00000 ( 1)
 111 R   0.83293 0.00001 0.16706 0.00000 ( 1)
 112 N   0.99640 0.00000 0.00360 0.00000 ( 1)
 113 T   0.99597 0.00000 0.00403 0.00000 ( 1)
 114 E   0.99613 0.00000 0.00387 0.00000 ( 1)
 115 A   0.99601 0.00000 0.00399 0.00000 ( 1)
 116 A   0.99429 0.00000 0.00571 0.00000 ( 1)
 117 R   0.99703 0.00000 0.00297 0.00000 ( 1)
 118 R   0.95643 0.00000 0.04357 0.00000 ( 1)
 119 S   0.99434 0.00000 0.00566 0.00000 ( 1)
 120 R   0.99403 0.00000 0.00597 0.00000 ( 1)
 121 A   0.99473 0.00000 0.00527 0.00000 ( 1)
 122 R   0.99703 0.00000 0.00297 0.00000 ( 1)
 123 K   0.99755 0.00000 0.00245 0.00000 ( 1)
 124 L   0.99450 0.00001 0.00549 0.00000 ( 1)
 125 Q   0.99731 0.00000 0.00269 0.00000 ( 1)
 126 R   0.99703 0.00000 0.00297 0.00000 ( 1)
 127 M   0.99848 0.00000 0.00152 0.00000 ( 1)
 128 K   0.99732 0.00000 0.00268 0.00000 ( 1)
 129 Q   0.99608 0.00000 0.00392 0.00000 ( 1)
 130 L   0.97225 0.00000 0.02775 0.00000 ( 1)
 131 E   0.99624 0.00000 0.00376 0.00000 ( 1)
 132 D   0.43247 0.52524 0.02015 0.02214 ( 2)
 133 K   0.99763 0.00000 0.00237 0.00000 ( 1)
 134 V   0.99561 0.00000 0.00439 0.00000 ( 1)
 135 E   0.99659 0.00000 0.00341 0.00000 ( 1)
 136 E   0.82400 0.17154 0.00235 0.00211 ( 1)
 137 L   0.99121 0.00000 0.00879 0.00000 ( 1)
 138 L   0.99372 0.00000 0.00628 0.00000 ( 1)
 139 S   0.00000 0.95608 0.00000 0.04392 ( 2)
 140 K   0.98058 0.01043 0.00880 0.00019 ( 1)
 141 N   0.99685 0.00000 0.00315 0.00000 ( 1)
 142 Y   0.00000 0.90193 0.00000 0.09807 ( 2)
 143 H   0.14696 0.83933 0.00055 0.01316 ( 2)
 144 L   0.99144 0.00000 0.00856 0.00000 ( 1)
 145 E   0.99754 0.00000 0.00246 0.00000 ( 1)
 146 N   0.00000 0.98896 0.00000 0.01104 ( 2)
 147 E   0.99750 0.00000 0.00250 0.00000 ( 1)
 148 V   0.99638 0.00000 0.00362 0.00000 ( 1)
 149 A   0.00000 0.87818 0.00000 0.12182 ( 2)
 150 R   0.95365 0.00001 0.04634 0.00000 ( 1)
 151 L   0.99545 0.00000 0.00455 0.00000 ( 1)
 152 K   0.01415 0.96750 0.00007 0.01828 ( 2)
 153 K   0.00000 0.97414 0.00000 0.02586 ( 2)
 154 L   0.99575 0.00006 0.00419 0.00000 ( 1)
 155 V   0.99367 0.00000 0.00633 0.00000 ( 1)
 156 G   0.00000 0.98249 0.00000 0.01751 ( 2)
 157 E   0.00000 0.96712 0.00000 0.03288 ( 2)
 158 R   0.00000 0.82817 0.00000 0.17183 ( 2)

Ancestral reconstruction by CODONML.

(ZYRO0D091: 4.868383, (((SAKL0F050: 0.644914, (Kwal_55.2: 0.575515, KLTH0F127: 0.898159): 0.862340): 0.441111, (((TPHA0L006: 0.810805, Kpol_487.: 0.681958): 0.254646, (((ADL012C: 1.043081, Ecym_4497: 1.094188): 0.786568, KLLA0D141: 1.274312): 0.329816, TBLA0A009: 1.055597): 0.000004): 0.103806, (NCAS0I001: 0.416317, NDAI0A086: 0.515855): 0.487724): 0.051014): 0.064507, (KNAG0L008: 1.498456, (Skud_5.91: 0.204475, (Suva_5.73: 0.267393, (YEL009C: 0.212191, Smik_5.10: 0.208792): 0.104412): 0.045198): 0.463056): 0.218996): 0.115963, (CAGL0L024: 2.454435, (TDEL0H029: 2.040533, KAFR0L005: 0.892382): 0.178734): 0.141037);

(13, (((18, (20, 19)), (((11, 12), (((16, 17), 15), 10)), (8, 9))), (7, (3, (4, (1, 2))))), (5, (14, 6)));

  21..13   21..22   22..23   23..24   24..18   24..25   25..20   25..19   23..26   26..27   27..28   28..11   28..12   27..29   29..30   30..31   31..16   31..17   30..15   29..10   26..32   32..8    32..9    22..33   33..7    33..34   34..3    34..35   35..4    35..36   36..1    36..2    21..37   37..5    37..38   38..14   38..6  

tree with node labels for Rod Page's TreeView
(13_ZYRO0D091, (((18_SAKL0F050, (20_Kwal_55.2, 19_KLTH0F127) 25 ) 24 , (((11_TPHA0L006, 12_Kpol_487.) 28 , (((16_ADL012C, 17_Ecym_4497) 31 , 15_KLLA0D141) 30 , 10_TBLA0A009) 29 ) 27 , (8_NCAS0I001, 9_NDAI0A086) 32 ) 26 ) 23 , (7_KNAG0L008, (3_Skud_5.91, (4_Suva_5.73, (1_YEL009C, 2_Smik_5.10) 36 ) 35 ) 34 ) 33 ) 22 , (5_CAGL0L024, (14_TDEL0H029, 6_KAFR0L005) 38 ) 37 ) 21 ;

Nodes 21 to 38 are ancestral

(1) Marginal reconstruction of ancestral sequences
(eqn. 4 in Yang et al. 1995 Genetics 141:1641-1650).

Prob of best state at each node, listed by site

   site   Freq   Data: 

   1      1   CCA (P) CCA (P) CGA (R) CCA (P) ATG (M) TAC (Y) CCA (P) CAA (Q) CTT (L) ATG (M) TCC (S) CCA (P) CAA (Q) ATG (M) ATG (M) ATT (I) GCA (A) CAG (Q) CCT (P) CCT (P) :  CCA P 0.286 (P 0.469) CCA P 0.440 (P 0.625) CCA P 0.430 (P 0.621) CCG P 0.288 (P 0.576) CCT P 0.763 (P 0.897) CCA P 0.420 (P 0.601) CCA P 0.371 (P 0.549) CCA P 0.496 (P 0.700) CCA P 0.371 (P 0.549) CCA P 0.132 (L 0.253) ACA T 0.124 (T 0.221) CTA L 0.372 (L 0.494) CCA P 0.646 (P 0.764) CCA P 0.914 (P 0.915) CCA P 0.989 (P 0.989) CCA P 0.998 (P 0.999) CCA P 0.152 (L 0.345) CTA L 0.086 (L 0.310)
   2      1   AGT (S) AGT (S) AGT (S) AGT (S) AAA (K) AAC (N) AGT (S) AGT (S) CTT (L) TCA (S) AAT (N) AAT (N) AGT (S) TCT (S) AAC (N) TCG (S) AGT (S) TCC (S) TCT (S) TCC (S) :  AAT N 0.497 (N 0.551) AAT N 0.483 (N 0.505) AAT N 0.479 (N 0.501) TCT S 0.259 (S 0.532) TCC S 0.486 (S 0.878) AAT N 0.496 (N 0.513) AAT N 0.573 (N 0.592) AAT N 0.810 (N 0.825) AAT N 0.573 (N 0.592) AAT N 0.431 (N 0.515) AGT S 0.199 (S 0.277) AGT S 0.501 (S 0.505) AGT S 0.662 (S 0.680) AGT S 0.997 (S 0.997) AGT S 0.999 (S 0.999) AGT S 0.999 (S 1.000) AAT N 0.507 (N 0.610) AAT N 0.455 (N 0.614)
   3      1   TTA (L) TTA (L) TTA (L) TTA (L) ATG (M) ATT (I) TTA (L) TTG (L) CTG (L) ACT (T) CTA (L) TTG (L) TTA (L) GTC (V) CTA (L) ATG (M) GCG (A) ATT (I) TTA (L) CTT (L) :  TTA L 0.324 (L 0.671) TTA L 0.444 (L 0.852) TTA L 0.408 (L 0.858) TTT F 0.248 (L 0.457) TTT F 0.248 (L 0.636) TTG L 0.410 (L 0.882) TTG L 0.389 (L 0.870) TTG L 0.395 (L 0.922) TTG L 0.389 (L 0.870) TTG L 0.273 (L 0.753) ATG M 0.225 (L 0.244) TTG L 0.730 (L 0.965) TTA L 0.715 (L 0.933) TTA L 0.998 (L 0.999) TTA L 0.999 (L 1.000) TTA L 0.999 (L 1.000) ATG M 0.200 (L 0.430) ATG M 0.172 (I 0.319)
   4      1   TTT (F) TTC (F) TTT (F) TTT (F) TAC (Y) TTA (L) TTT (F) TTT (F) TTT (F) TTT (F) TTA (L) TTC (F) TTT (F) TTT (F) GAA (E) TTT (F) TTT (F) TTT (F) TTC (F) TTC (F) :  TTT F 0.942 (F 1.000) TTT F 0.986 (F 1.000) TTT F 0.988 (F 1.000) TTT F 0.911 (F 1.000) TTC F 0.860 (F 1.000) TTT F 0.988 (F 1.000) TTT F 0.975 (F 1.000) TTT F 0.701 (F 0.990) TTT F 0.975 (F 1.000) TTT F 0.943 (F 0.992) TTT F 0.964 (F 1.000) TTT F 0.996 (F 1.000) TTT F 0.989 (F 1.000) TTT F 0.999 (F 1.000) TTT F 0.998 (F 1.000) TTT F 0.967 (F 1.000) TTT F 0.886 (F 0.999) TTT F 0.865 (F 0.992)
   5      1   GAG (E) GAA (E) GAA (E) GAA (E) GAC (D) TCA (S) AAG (K) GAT (D) GAG (E) GAT (D) GAA (E) GAA (E) GAT (D) CAG (Q) GAA (E) GAT (D) CAG (Q) GAC (D) CCC (P) GAC (D) :  GAA E 0.778 (E 0.857) GAA E 0.858 (E 0.932) GAA E 0.851 (E 0.925) GAC D 0.665 (D 0.714) GAC D 0.652 (D 0.672) GAA E 0.853 (E 0.931) GAA E 0.882 (E 0.943) GAA E 0.940 (E 0.970) GAA E 0.882 (E 0.943) GAA E 0.773 (E 0.875) GAA E 0.283 (E 0.552) GAG E 0.378 (E 0.701) GAA E 0.847 (E 0.931) GAA E 0.995 (E 0.999) GAA E 0.995 (E 1.000) GAA E 0.964 (E 0.999) GAA E 0.696 (E 0.777) GAA E 0.485 (E 0.551)
   6      1   GAT (D) GAT (D) GAT (D) GAC (D) TCA (S) AAT (N) GAG (E) GAT (D) GAA (E) ACT (T) TCT (S) TCT (S) AGC (S) GTT (V) CAT (H) CAC (H) CAG (Q) GGA (G) GGG (G) GAC (D) :  GAT D 0.777 (D 0.790) GAT D 0.913 (D 0.919) GAT D 0.912 (D 0.917) GAT D 0.273 (D 0.350) GAC D 0.265 (D 0.365) GAT D 0.896 (D 0.899) GAT D 0.478 (D 0.480) TCT S 0.466 (S 0.471) GAT D 0.478 (D 0.480) CAT H 0.404 (H 0.431) CAT H 0.294 (H 0.551) GAT D 0.877 (D 0.895) GAT D 0.914 (D 0.929) GAT D 0.992 (D 0.999) GAT D 0.986 (D 0.999) GAT D 0.998 (D 1.000) GAT D 0.645 (D 0.660) GAT D 0.563 (D 0.578)
   7      1   CCA (P) CCA (P) TCA (S) CCA (P) AAC (N) AAT (N) CCC (P) CAA (Q) GAA (E) CCC (P) CCT (P) CCT (P) CCC (P) CCA (P) CCT (P) GAG (E) GAG (E) CCC (P) CCC (P) GTG (V) :  CCC P 0.311 (P 0.701) CCC P 0.426 (P 0.953) CCC P 0.434 (P 0.967) CCC P 0.613 (P 0.907) CCC P 0.247 (P 0.449) CCC P 0.401 (P 0.966) CCT P 0.467 (P 0.980) CCT P 0.770 (P 0.980) CCT P 0.467 (P 0.980) CCT P 0.374 (P 0.756) GAG E 0.373 (E 0.424) CAA Q 0.785 (Q 0.800) CCC P 0.386 (P 0.952) CCA P 0.942 (P 0.945) CCA P 0.989 (P 0.989) CCA P 0.998 (P 0.998) CCC P 0.195 (P 0.445) CCT P 0.149 (P 0.353)
   8      1   ATT (I) ATA (I) ATG (M) ATG (M) GCC (A) ACT (T) CTG (L) TTT (F) CAA (Q) TTA (L) GCT (A) GTA (V) GTG (V) ATG (M) CAT (H) GCC (A) TTA (L) CTC (L) AGC (S) ATT (I) :  ATT I 0.207 (I 0.386) ATT I 0.218 (I 0.412) ATT I 0.189 (I 0.364) ATC I 0.202 (I 0.385) ATT I 0.379 (I 0.727) ATT I 0.148 (L 0.351) GTT V 0.144 (L 0.344) GTT V 0.304 (V 0.671) GTT V 0.144 (L 0.344) CTT L 0.114 (L 0.340) TTA L 0.114 (L 0.248) CTT L 0.225 (L 0.586) ATG M 0.342 (M 0.342) ATG M 0.911 (M 0.911) ATG M 0.902 (M 0.902) ATG M 0.509 (M 0.509) ATT I 0.191 (I 0.346) ATT I 0.213 (I 0.351)
   9      1   ATC (I) ATT (I) ATT (I) ATC (I) GCA (A) ATT (I) CCC (P) ATG (M) CAA (Q) TTT (F) CTT (L) CTG (L) CCC (P) GAC (D) CTC (L) CTG (L) CTG (L) GTC (V) ACT (T) GTC (V) :  ATT I 0.226 (I 0.432) ATT I 0.226 (I 0.441) ATT I 0.193 (L 0.393) GTC V 0.413 (V 0.593) GTC V 0.360 (V 0.532) CTT L 0.277 (L 0.571) CTT L 0.451 (L 0.862) CTT L 0.520 (L 0.939) CTT L 0.451 (L 0.862) CTC L 0.336 (L 0.889) CTG L 0.633 (L 0.915) CTG L 0.231 (L 0.508) ATC I 0.263 (I 0.523) ATT I 0.541 (I 0.996) ATC I 0.532 (I 0.999) ATC I 0.530 (I 0.999) ATT I 0.232 (I 0.430) ATT I 0.270 (I 0.466)
  10      1   AAA (K) AAG (K) AAG (K) AAG (K) AAC (N) AAT (N) TCT (S) ACT (T) GAA (E) AGT (S) GCT (A) TCA (S) GGA (G) CTG (L) CAA (Q) GCG (A) GTA (V) AAA (K) GGC (G) AAG (K) :  AAA K 0.384 (K 0.556) AAA K 0.441 (K 0.612) AAA K 0.507 (K 0.627) AAA K 0.603 (K 0.758) AAG K 0.350 (K 0.505) AAA K 0.481 (K 0.566) AAA K 0.386 (K 0.440) ACA T 0.280 (T 0.460) AAA K 0.386 (K 0.440) AAA K 0.290 (K 0.345) GCA A 0.174 (A 0.289) AAA K 0.377 (K 0.413) AAG K 0.321 (K 0.600) AAG K 0.983 (K 0.997) AAG K 0.986 (K 0.999) AAG K 0.956 (K 0.999) AAT N 0.339 (K 0.481) AAT N 0.362 (N 0.456)
  11      1   GAG (E) GAG (E) GAA (E) GAA (E) GAC (D) GAA (E) GAG (E) GAA (E) GAA (E) GAT (D) GAA (E) GAA (E) TGT (C) GAC (D) GAA (E) GAT (D) GAG (E) CAA (Q) GAC (D) GGC (G) :  GAA E 0.876 (E 0.896) GAA E 0.989 (E 0.999) GAA E 0.995 (E 0.999) GAA E 0.929 (E 0.955) GAC D 0.729 (D 0.764) GAA E 0.997 (E 1.000) GAA E 0.994 (E 0.999) GAA E 0.992 (E 0.998) GAA E 0.994 (E 0.999) GAA E 0.922 (E 0.990) GAA E 0.505 (E 0.933) GAA E 0.995 (E 0.999) GAA E 0.948 (E 0.997) GAA E 0.958 (E 1.000) GAA E 0.929 (E 1.000) GAG E 0.894 (E 1.000) GAA E 0.837 (E 0.864) GAA E 0.826 (E 0.860)
  12      1   CTA (L) TTG (L) TTA (L) CTA (L) ATT (I) TTA (L) GTC (V) TTA (L) TTA (L) ATT (I) ATT (I) CTT (L) TTG (L) CAC (H) TTG (L) TTG (L) CTC (L) TTG (L) GCG (A) TCC (S) :  TTA L 0.753 (L 0.855) TTA L 0.799 (L 0.889) TTA L 0.783 (L 0.885) TTG L 0.449 (L 0.817) TCG S 0.360 (S 0.720) TTA L 0.772 (L 0.871) TTA L 0.450 (L 0.594) TTT F 0.441 (F 0.460) TTA L 0.450 (L 0.594) TTA L 0.339 (L 0.695) TTG L 0.319 (L 0.687) TTA L 0.968 (L 0.986) TTA L 0.788 (L 0.889) TTA L 0.887 (L 0.998) TTA L 0.776 (L 0.999) TTA L 0.737 (L 0.999) TTA L 0.700 (L 0.811) TTA L 0.674 (L 0.802)
  13      1   GAT (D) GAT (D) GAT (D) GAC (D) GAT (D) GAT (D) AGT (S) GAC (D) GAC (D) GAT (D) GAT (D) GAT (D) GGT (G) GAT (D) AAC (N) GAC (D) AGC (S) AAC (N) GAA (E) GAC (D) :  GAT D 0.927 (D 1.000) GAT D 0.907 (D 1.000) GAT D 0.813 (D 1.000) GAC D 0.681 (D 0.985) GAC D 0.835 (D 0.985) GAT D 0.799 (D 1.000) GAT D 0.825 (D 1.000) GAT D 0.929 (D 1.000) GAT D 0.825 (D 1.000) GAC D 0.435 (D 0.795) GAC D 0.659 (D 0.773) GAC D 0.906 (D 1.000) GAT D 0.944 (D 0.997) GAT D 0.987 (D 1.000) GAT D 0.982 (D 1.000) GAT D 0.998 (D 1.000) GAT D 0.951 (D 1.000) GAT D 0.957 (D 1.000)
  14      1   GAC (D) GCC (A) GCT (A) GCT (A) GCC (A) GCT (A) GCT (A) TCA (S) TCT (S) TCA (S) AGT (S) TCT (S) GCG (A) GGG (G) GCA (A) TCT (S) TCG (S) TCT (S) TCC (S) CCG (P) :  GCT A 0.924 (A 0.978) GCT A 0.953 (A 0.968) TCT S 0.969 (S 0.984) TCT S 0.909 (S 0.990) TCG S 0.310 (S 0.939) TCT S 0.974 (S 0.995) TCT S 0.962 (S 0.996) TCT S 0.966 (S 0.981) TCT S 0.962 (S 0.996) TCT S 0.741 (S 0.985) TCT S 0.628 (S 0.990) TCT S 0.849 (S 0.999) GCT A 0.966 (A 0.986) GCT A 0.972 (A 1.000) GCT A 0.942 (A 1.000) GCC A 0.888 (A 0.997) GCT A 0.890 (A 0.986) GCT A 0.873 (A 0.984)
  15      1   GCT (A) GCT (A) GCT (A) GCT (A) GCT (A) GAT (D) GCA (A) AAC (N) GCT (A) GCT (A) GCT (A) GCT (A) GAG (E) CTA (L) TCC (S) GCG (A) CAT (H) GCT (A) CTG (L) CTC (L) :  GCT A 0.921 (A 0.936) GCT A 0.987 (A 0.992) GCT A 0.990 (A 0.995) GCT A 0.767 (A 0.830) CTC L 0.340 (L 0.714) GCT A 0.989 (A 0.995) GCT A 0.989 (A 0.995) GCT A 0.977 (A 0.986) GCT A 0.989 (A 0.995) GCT A 0.604 (A 0.744) GCT A 0.333 (A 0.494) GCT A 0.597 (A 0.720) GCT A 0.956 (A 0.983) GCT A 0.999 (A 0.999) GCT A 1.000 (A 1.000) GCT A 0.999 (A 1.000) GCT A 0.864 (A 0.884) GCT A 0.651 (A 0.688)
  16      1   ACT (T) ACT (T) ACT (T) ACT (T) ACT (T) ACT (T) ACG (T) ACT (T) ACT (T) ACT (T) ACT (T) ACT (T) CAG (Q) ACG (T) ACC (T) ACC (T) ACT (T) TCT (S) ACG (T) ACG (T) :  ACT T 0.982 (T 1.000) ACT T 0.996 (T 1.000) ACT T 0.998 (T 1.000) ACT T 0.907 (T 0.992) ACG T 0.844 (T 1.000) ACT T 0.999 (T 1.000) ACT T 0.996 (T 1.000) ACT T 0.992 (T 1.000) ACT T 0.996 (T 1.000) ACT T 0.772 (T 1.000) ACT T 0.637 (T 1.000) ACT T 0.995 (T 1.000) ACT T 0.974 (T 1.000) ACT T 1.000 (T 1.000) ACT T 1.000 (T 1.000) ACT T 1.000 (T 1.000) ACT T 0.976 (T 1.000) ACT T 0.947 (T 1.000)
  17      1   CCA (P) CCA (P) CCG (P) CCA (P) CCA (P) CCA (P) CCG (P) CCA (P) CCA (P) CCA (P) CCA (P) CCA (P) GCG (A) CCC (P) CCA (P) CCG (P) CCT (P) CCA (P) CCT (P) CCA (P) :  CCA P 0.984 (P 1.000) CCA P 0.994 (P 1.000) CCA P 0.998 (P 1.000) CCA P 0.975 (P 1.000) CCA P 0.835 (P 1.000) CCA P 0.999 (P 1.000) CCA P 0.998 (P 1.000) CCA P 0.993 (P 1.000) CCA P 0.998 (P 1.000) CCA P 0.901 (P 1.000) CCA P 0.391 (P 1.000) CCA P 0.995 (P 1.000) CCA P 0.936 (P 1.000) CCA P 0.926 (P 1.000) CCA P 0.987 (P 1.000) CCA P 0.998 (P 1.000) CCA P 0.978 (P 1.000) CCA P 0.949 (P 1.000)
  18      1   ATG (M) ATG (M) ATG (M) ATG (M) ATG (M) ATG (M) ATG (M) ATG (M) ATG (M) TTA (L) ATG (M) ATT (I) ATG (M) ATG (M) ATT (I) CTG (L) CTG (L) ATG (M) CTG (L) ATG (M) :  ATG M 1.000 (M 1.000) ATG M 1.000 (M 1.000) ATG M 1.000 (M 1.000) ATG M 1.000 (M 1.000) ATG M 0.995 (M 0.995) ATG M 1.000 (M 1.000) ATG M 0.990 (M 0.990) ATG M 0.987 (M 0.987) ATG M 0.990 (M 0.990) ATG M 0.929 (M 0.929) CTG L 0.796 (L 0.951) ATG M 1.000 (M 1.000) ATG M 1.000 (M 1.000) ATG M 1.000 (M 1.000) ATG M 1.000 (M 1.000) ATG M 1.000 (M 1.000) ATG M 1.000 (M 1.000) ATG M 1.000 (M 1.000)
  19      1   TTT (F) TTT (F) TTT (F) TTT (F) TTC (F) TTC (F) TTT (F) TTT (F) TTT (F) TTT (F) TTC (F) TTT (F) TTC (F) TTC (F) TTC (F) TTC (F) CTA (L) TTT (F) TTC (F) TTT (F) :  TTT F 0.702 (F 1.000) TTT F 0.942 (F 1.000) TTT F 0.958 (F 1.000) TTT F 0.959 (F 1.000) TTT F 0.834 (F 1.000) TTT F 0.959 (F 1.000) TTT F 0.933 (F 1.000) TTT F 0.881 (F 1.000) TTT F 0.933 (F 1.000) TTT F 0.611 (F 1.000) TTC F 0.609 (F 0.968) TTT F 0.992 (F 1.000) TTT F 0.969 (F 1.000) TTT F 1.000 (F 1.000) TTT F 1.000 (F 1.000) TTT F 1.000 (F 1.000) TTC F 0.560 (F 1.000) TTC F 0.675 (F 1.000)
  20      1   GAG (E) GAG (E) GAA (E) GAA (E) GAC (D) GAT (D) GAG (E) GAA (E) GAA (E) GAA (E) GCT (A) GAG (E) GAA (E) GAT (D) GAA (E) GAG (E) GGG (G) GAA (E) GAG (E) GAA (E) :  GAA E 0.850 (E 0.918) GAA E 0.953 (E 1.000) GAA E 0.964 (E 1.000) GAA E 0.962 (E 1.000) GAA E 0.835 (E 1.000) GAA E 0.963 (E 1.000) GAA E 0.928 (E 1.000) GAA E 0.670 (E 0.994) GAA E 0.928 (E 1.000) GAA E 0.840 (E 1.000) GAG E 0.733 (E 0.987) GAA E 0.993 (E 1.000) GAA E 0.919 (E 1.000) GAA E 0.943 (E 1.000) GAA E 0.914 (E 1.000) GAG E 0.896 (E 1.000) GAT D 0.604 (D 0.936) GAT D 0.734 (D 0.988)
  21      1   TAT (Y) TAT (Y) TAT (Y) TAC (Y) TAC (Y) TTG (L) TAC (Y) TTT (F) TTC (F) TTT (F) TTC (F) TTC (F) TTG (L) TCG (S) TTG (L) TTC (F) TTG (L) TTT (F) CTT (L) CTT (L) :  TTT F 0.525 (F 0.870) TTT F 0.655 (F 0.987) TTT F 0.668 (F 1.000) TTT F 0.882 (F 0.991) CTT L 0.942 (L 0.977) TTT F 0.640 (F 1.000) TTT F 0.572 (F 1.000) TTC F 0.775 (F 0.999) TTT F 0.572 (F 1.000) TTC F 0.436 (F 0.846) TTC F 0.577 (F 0.833) TTT F 0.627 (F 1.000) TAT Y 0.663 (Y 0.954) TAT Y 0.946 (Y 1.000) TAT Y 0.942 (Y 1.000) TAT Y 0.993 (Y 1.000) TTT F 0.453 (F 0.831) TTG L 0.367 (F 0.534)
  22      1   GAA (E) GAA (E) GAA (E) GAA (E) GAT (D) GAT (D) GAC (D) GAA (E) GAA (E) GAA (E) GAA (E) GAA (E) GAT (D) GAT (D) GAT (D) GAG (E) GAC (D) GAA (E) GAT (D) GAA (E) :  GAT D 0.787 (D 0.873) GAA E 0.931 (E 0.936) GAA E 0.998 (E 0.999) GAA E 0.988 (E 1.000) GAA E 0.944 (E 0.990) GAA E 0.999 (E 1.000) GAA E 0.997 (E 1.000) GAA E 0.995 (E 1.000) GAA E 0.997 (E 1.000) GAA E 0.653 (E 0.783) GAG E 0.399 (E 0.768) GAA E 0.997 (E 1.000) GAA E 0.925 (E 0.937) GAA E 1.000 (E 1.000) GAA E 1.000 (E 1.000) GAA E 1.000 (E 1.000) GAT D 0.931 (D 0.995) GAT D 0.944 (D 0.999)
  23      1   AAC (N) AAC (N) AAC (N) AAC (N) GAT (D) GAA (E) AAC (N) TCA (S) TCC (S) ACT (T) GCT (A) TCT (S) CCA (P) CCC (P) AAC (N) GGT (G) GGA (G) AAC (N) GCT (A) GCC (A) :  AAC N 0.297 (N 0.388) AAC N 0.387 (N 0.479) ACC T 0.263 (T 0.334) AAC N 0.294 (N 0.336) GCC A 0.599 (A 0.784) ACC T 0.368 (T 0.502) ACT T 0.267 (T 0.527) GCT A 0.309 (A 0.392) ACT T 0.267 (T 0.527) ACC T 0.134 (T 0.265) GGT G 0.284 (G 0.564) TCC S 0.639 (S 0.889) AAC N 0.640 (N 0.710) AAC N 0.997 (N 0.998) AAC N 0.999 (N 0.999) AAC N 0.999 (N 1.000) GAC D 0.278 (D 0.389) GAC D 0.275 (D 0.380)
  24      1   CTA (L) CTA (L) CTA (L) CTA (L) AAC (N) TCT (S) GTC (V) TTA (L) CTA (L) TTA (L) TTG (L) ACT (T) CCA (P) GCT (A) CAA (Q) CTC (L) GTC (V) TTG (L) GTC (V) GTT (V) :  TTA L 0.488 (L 0.645) TTA L 0.717 (L 0.898) TTA L 0.771 (L 0.932) TTA L 0.417 (L 0.787) GTT V 0.401 (V 0.823) TTA L 0.796 (L 0.950) TTA L 0.780 (L 0.940) TTA L 0.463 (L 0.709) TTA L 0.780 (L 0.940) TTA L 0.379 (L 0.802) CTC L 0.321 (L 0.536) TTA L 0.801 (L 0.985) TTA L 0.498 (L 0.882) CTA L 0.994 (L 0.999) CTA L 0.999 (L 1.000) CTA L 0.999 (L 1.000) TTA L 0.263 (L 0.381) TTT F 0.185 (S 0.344)
  25      1   GAA (E) GAA (E) GAA (E) GAA (E) CAA (Q) CTA (L) GAA (E) GAT (D) GAC (D) AAC (N) GAA (E) GAT (D) CAG (Q) TTG (L) GAT (D) GGC (G) GAC (D) GAA (E) GAG (E) GAA (E) :  CAA Q 0.906 (Q 0.923) GAA E 0.987 (E 0.998) GAA E 0.975 (E 0.990) GAA E 0.971 (E 1.000) GAA E 0.841 (E 1.000) GAT D 0.524 (D 0.969) GAT D 0.534 (D 0.994) GAT D 0.649 (D 0.986) GAT D 0.534 (D 0.994) GAT D 0.520 (D 0.998) GAC D 0.819 (D 0.984) GAT D 0.553 (D 0.999) GAA E 0.991 (E 1.000) GAA E 1.000 (E 1.000) GAA E 1.000 (E 1.000) GAA E 1.000 (E 1.000) CAA Q 0.964 (Q 0.987) CTA L 0.838 (L 0.897)
  26      1   AAC (N) AAC (N) AAT (N) AAT (N) AAT (N) GAT (D) AAC (N) GAT (D) GAT (D) GAT (D) AAT (N) AAG (K) CAT (H) GAA (E) GGT (G) GAC (D) AAT (N) GAC (D) GAC (D) GAC (D) :  GAT D 0.932 (D 0.952) GAT D 0.932 (D 0.952) GAT D 0.978 (D 0.998) GAC D 0.703 (D 1.000) GAC D 0.946 (D 1.000) GAT D 0.989 (D 0.999) GAT D 0.991 (D 0.998) AAT N 0.921 (N 0.944) GAT D 0.991 (D 0.998) GAT D 0.951 (D 0.994) GAT D 0.760 (D 0.979) GAT D 0.996 (D 1.000) AAT N 0.876 (N 0.930) AAT N 0.954 (N 1.000) AAT N 0.925 (N 1.000) AAC N 0.895 (N 1.000) GAT D 0.932 (D 0.952) GAT D 0.958 (D 0.988)
  27      1   TCT (S) TCT (S) TCT (S) TCT (S) CCA (P) CCA (P) CCT (P) CCA (P) CCA (P) GCT (A) CCA (P) TCT (S) CAG (Q) GAA (E) GTG (V) CCT (P) CAC (H) CCA (P) CCA (P) CCT (P) :  CCA P 0.826 (P 0.951) CCA P 0.802 (P 0.966) CCA P 0.822 (P 0.977) CCA P 0.830 (P 0.965) CCA P 0.599 (P 0.954) CCA P 0.818 (P 0.977) CCA P 0.676 (P 0.943) CCA P 0.575 (P 0.854) CCA P 0.676 (P 0.943) CCA P 0.363 (P 0.727) CCT P 0.286 (P 0.659) CCA P 0.968 (P 0.988) CCT P 0.476 (P 0.787) TCT S 0.992 (S 0.994) TCT S 0.999 (S 0.999) TCT S 0.999 (S 1.000) CCA P 0.864 (P 0.942) CCA P 0.825 (P 0.891)
  28      1   AAA (K) AAA (K) AAA (K) AAG (K) GAA (E) AAC (N) GAG (E) AAG (K) AAA (K) TCA (S) AAA (K) TCT (S) GAA (E) TCC (S) GAA (E) AAG (K) AAG (K) AAG (K) CAA (Q) CAA (Q) :  AAA K 0.829 (K 0.893) AAA K 0.915 (K 0.978) AAA K 0.922 (K 0.988) AAA K 0.690 (K 0.895) CAA Q 0.836 (Q 0.877) AAA K 0.924 (K 0.988) AAA K 0.894 (K 0.948) AAA K 0.725 (K 0.769) AAA K 0.894 (K 0.948) AAA K 0.725 (K 0.852) AAG K 0.635 (K 0.869) AAA K 0.780 (K 0.984) AAA K 0.878 (K 0.951) AAA K 0.983 (K 0.999) AAA K 0.978 (K 1.000) AAA K 0.997 (K 1.000) AAA K 0.737 (K 0.798) AAA K 0.458 (K 0.521)
  29      1   GAA (E) GAA (E) GAA (E) GAA (E) AAC (N) ACC (T) AAG (K) AAT (N) CAA (Q) TCA (S) AAT (N) GAA (E) ACA (T) AAA (K) ACT (T) ACC (T) GAG (E) AGT (S) GGA (G) GGC (G) :  AAA K 0.642 (K 0.676) AAA K 0.738 (K 0.759) AAA K 0.734 (K 0.748) AGA R 0.293 (R 0.324) GGA G 0.368 (G 0.792) AAA K 0.742 (K 0.755) AAA K 0.712 (K 0.726) AAA K 0.644 (K 0.665) AAA K 0.712 (K 0.726) AAA K 0.369 (K 0.441) AAG K 0.149 (K 0.276) AAA K 0.637 (K 0.659) AAA K 0.646 (K 0.687) GAA E 0.993 (E 0.994) GAA E 0.999 (E 0.999) GAA E 0.999 (E 0.999) AAA K 0.526 (K 0.568) AAA K 0.430 (K 0.478)
  30      1   TGG (W) TGG (W) TGG (W) TGG (W) TGG (W) TGG (W) TGG (W) TGG (W) TGG (W) TGG (W) TGG (W) TGG (W) TGG (W) TGG (W) TGG (W) TGG (W) TGG (W) TGG (W) TGG (W) TGG (W) :  TGG W 1.000 (W 1.000) TGG W 1.000 (W 1.000) TGG W 1.000 (W 1.000) TGG W 1.000 (W 1.000) TGG W 1.000 (W 1.000) TGG W 1.000 (W 1.000) TGG W 1.000 (W 1.000) TGG W 1.000 (W 1.000) TGG W 1.000 (W 1.000) TGG W 1.000 (W 1.000) TGG W 1.000 (W 1.000) TGG W 1.000 (W 1.000) TGG W 1.000 (W 1.000) TGG W 1.000 (W 1.000) TGG W 1.000 (W 1.000) TGG W 1.000 (W 1.000) TGG W 1.000 (W 1.000) TGG W 1.000 (W 1.000)
  31      1   ACA (T) ACT (T) ACT (T) ACC (T) ACT (T) ACC (T) ACG (T) ACT (T) ACT (T) ACT (T) ACT (T) ACT (T) GAA (E) GGG (G) ACT (T) TCG (S) TCG (S) GGT (G) AAC (N) ACT (T) :  ACT T 0.923 (T 0.989) ACT T 0.986 (T 0.998) ACT T 0.995 (T 0.998) ACT T 0.754 (T 0.775) ACT T 0.676 (T 0.822) ACT T 0.998 (T 0.999) ACT T 0.997 (T 0.999) ACT T 0.988 (T 0.995) ACT T 0.997 (T 0.999) ACT T 0.820 (T 0.935) TCG S 0.593 (S 0.860) ACT T 0.992 (T 0.996) ACT T 0.953 (T 0.994) ACT T 0.975 (T 1.000) ACT T 0.954 (T 1.000) ACT T 0.946 (T 1.000) ACT T 0.866 (T 0.982) ACT T 0.667 (T 0.957)
  32      1   TCC (S) TCT (S) TCT (S) TCT (S) TCT (S) TCT (S) TCG (S) TCT (S) TCC (S) TCC (S) CCT (P) TCT (S) CCT (P) TCT (S) TCG (S) TCG (S) TCT (S) TCT (S) TCG (S) TCT (S) :  TCT S 0.990 (S 1.000) TCT S 0.996 (S 1.000) TCT S 0.995 (S 1.000) TCT S 0.973 (S 1.000) TCT S 0.833 (S 1.000) TCT S 0.991 (S 1.000) TCT S 0.979 (S 1.000) TCT S 0.980 (S 0.995) TCT S 0.979 (S 1.000) TCT S 0.728 (S 1.000) TCT S 0.602 (S 1.000) TCT S 0.878 (S 1.000) TCT S 0.973 (S 1.000) TCT S 0.998 (S 1.000) TCT S 0.998 (S 1.000) TCT S 0.967 (S 1.000) TCT S 0.988 (S 1.000) TCT S 0.977 (S 1.000)
  33      1   TTG (L) TTG (L) TTG (L) TTG (L) TTG (L) TTG (L) CTG (L) TTA (L) TTA (L) TTG (L) TTA (L) TTG (L) CTG (L) CTC (L) TTG (L) CTC (L) TTG (L) TTG (L) CTC (L) CTT (L) :  TTG L 0.979 (L 1.000) TTG L 0.991 (L 1.000) TTG L 0.988 (L 1.000) TTG L 0.853 (L 1.000) CTT L 0.415 (L 1.000) TTG L 0.980 (L 1.000) TTG L 0.983 (L 1.000) TTG L 0.921 (L 1.000) TTG L 0.983 (L 1.000) TTG L 0.934 (L 1.000) TTG L 0.644 (L 1.000) TTA L 0.884 (L 1.000) TTG L 0.974 (L 1.000) TTG L 1.000 (L 1.000) TTG L 1.000 (L 1.000) TTG L 1.000 (L 1.000) TTG L 0.969 (L 1.000) TTG L 0.924 (L 1.000)
  34      1   TTT (F) TTC (F) TTT (F) TTC (F) TTT (F) TTC (F) TTC (F) TTC (F) TTT (F) TTC (F) TTT (F) TTC (F) TTT (F) TTT (F) TTT (F) TTT (F) TTT (F) TTC (F) TTC (F) TTT (F) :  TTC F 0.695 (F 1.000) TTC F 0.726 (F 1.000) TTC F 0.734 (F 1.000) TTC F 0.803 (F 1.000) TTC F 0.604 (F 1.000) TTC F 0.726 (F 1.000) TTC F 0.706 (F 1.000) TTC F 0.687 (F 1.000) TTC F 0.706 (F 1.000) TTT F 0.611 (F 1.000) TTT F 0.871 (F 1.000) TTC F 0.691 (F 1.000) TTC F 0.728 (F 1.000) TTC F 0.624 (F 1.000) TTC F 0.679 (F 1.000) TTC F 0.668 (F 1.000) TTC F 0.663 (F 1.000) TTC F 0.680 (F 1.000)
  35      1   GAC (D) GAC (D) GAT (D) GAC (D) GAC (D) GAT (D) GAC (D) GAA (E) GAT (D) GAT (D) GAT (D) GAT (D) GGT (G) GAC (D) GAC (D) GAT (D) GAC (D) GAC (D) GAC (D) GAA (E) :  GAC D 0.574 (D 1.000) GAC D 0.570 (D 1.000) GAC D 0.526 (D 1.000) GAC D 0.793 (D 1.000) GAC D 0.820 (D 0.969) GAT D 0.635 (D 1.000) GAT D 0.732 (D 1.000) GAT D 0.893 (D 1.000) GAT D 0.732 (D 1.000) GAT D 0.590 (D 1.000) GAT D 0.562 (D 1.000) GAT D 0.786 (D 0.982) GAC D 0.686 (D 1.000) GAC D 0.769 (D 1.000) GAC D 0.960 (D 1.000) GAC D 0.995 (D 1.000) GAC D 0.582 (D 1.000) GAC D 0.534 (D 1.000)
  36      1   AAT (N) AAT (N) AAC (N) AAC (N) GAT (D) GAT (D) AAT (N) AAT (N) AAC (N) AAT (N) AAC (N) AAC (N) ACT (T) GAT (D) AAT (N) GAC (D) GAC (D) AAC (N) GAT (D) GAT (D) :  AAT N 0.659 (N 0.913) AAT N 0.632 (N 1.000) AAT N 0.600 (N 1.000) AAT N 0.525 (N 0.992) GAT D 0.909 (D 0.986) AAT N 0.583 (N 1.000) AAT N 0.542 (N 1.000) AAC N 0.787 (N 1.000) AAT N 0.542 (N 1.000) AAT N 0.517 (N 0.988) GAC D 0.806 (D 0.966) AAT N 0.585 (N 1.000) AAT N 0.587 (N 1.000) AAC N 0.701 (N 1.000) AAC N 0.682 (N 1.000) AAT N 0.922 (N 1.000) GAT D 0.788 (D 0.957) GAT D 0.857 (D 0.991)
  37      1   GAC (D) GAT (D) GAC (D) GAC (D) GAT (D) GAC (D) GAC (D) GAT (D) GAT (D) GAT (D) GAC (D) GAT (D) GGT (G) GAG (E) GAT (D) GAC (D) GAT (D) GAC (D) GAC (D) GAC (D) :  GAC D 0.649 (D 1.000) GAC D 0.658 (D 1.000) GAC D 0.605 (D 1.000) GAC D 0.876 (D 1.000) GAC D 0.971 (D 1.000) GAT D 0.622 (D 1.000) GAT D 0.696 (D 1.000) GAT D 0.679 (D 1.000) GAT D 0.696 (D 1.000) GAT D 0.734 (D 1.000) GAT D 0.638 (D 1.000) GAT D 0.954 (D 1.000) GAC D 0.832 (D 1.000) GAC D 0.992 (D 1.000) GAC D 0.992 (D 1.000) GAC D 0.962 (D 1.000) GAC D 0.642 (D 1.000) GAC D 0.693 (D 0.998)
  38      1   ATT (I) ATT (I) ATT (I) ATC (I) GTC (V) ATC (I) ATC (I) CTA (L) ATC (I) ATT (I) ATT (I) ATC (I) GAG (E) ATT (I) ATC (I) ATA (I) ATA (I) ATC (I) ATT (I) ATT (I) :  ATC I 0.814 (I 0.995) ATC I 0.802 (I 1.000) ATC I 0.807 (I 1.000) ATC I 0.773 (I 1.000) ATT I 0.870 (I 1.000) ATC I 0.805 (I 1.000) ATC I 0.775 (I 1.000) ATC I 0.745 (I 1.000) ATC I 0.775 (I 1.000) ATC I 0.731 (I 1.000) ATA I 0.797 (I 1.000) ATC I 0.772 (I 0.993) ATC I 0.684 (I 1.000) ATT I 0.885 (I 1.000) ATT I 0.884 (I 1.000) ATT I 0.986 (I 1.000) ATC I 0.838 (I 0.995) ATC I 0.834 (I 0.999)
  39      1   CCA (P) CCC (P) CCA (P) CCT (P) GAG (E) CCA (P) CCC (P) CCA (P) CCA (P) CCT (P) GCT (A) CCT (P) GAT (D) CCT (P) CCA (P) CCG (P) CCC (P) CCC (P) GCA (A) GCT (A) :  CCA P 0.503 (P 0.999) CCA P 0.510 (P 1.000) CCA P 0.493 (P 1.000) CCT P 0.344 (P 0.996) GCT A 0.510 (A 0.992) CCA P 0.492 (P 1.000) CCT P 0.588 (P 1.000) CCT P 0.842 (P 0.997) CCT P 0.588 (P 1.000) CCT P 0.394 (P 1.000) CCC P 0.297 (P 1.000) CCA P 0.946 (P 1.000) CCA P 0.544 (P 1.000) CCA P 0.767 (P 1.000) CCA P 0.744 (P 1.000) CCA P 0.756 (P 1.000) CCA P 0.516 (P 0.999) CCA P 0.539 (P 1.000)
  40      1   GTT (V) GTT (V) GTT (V) GTC (V) ATT (I) GTC (V) GTC (V) ATC (I) ATC (I) GTC (V) GTT (V) GTT (V) GCA (A) ATT (I) GTC (V) GTG (V) GTG (V) GTC (V) GTT (V) GTT (V) :  GTC V 0.623 (V 0.994) GTC V 0.648 (V 1.000) GTC V 0.684 (V 1.000) GTC V 0.679 (V 1.000) GTT V 0.873 (V 1.000) GTC V 0.702 (V 1.000) GTC V 0.679 (V 1.000) GTT V 0.712 (V 1.000) GTC V 0.679 (V 1.000) GTC V 0.652 (V 1.000) GTG V 0.688 (V 1.000) ATC I 0.952 (I 0.990) GTC V 0.551 (V 1.000) GTT V 0.908 (V 1.000) GTT V 0.905 (V 1.000) GTT V 0.989 (V 1.000) GTC V 0.568 (V 0.939) GTC V 0.587 (V 0.937)
