Supplemental results for CODEML (seqf: ../../gcn4_ygob_nt_muscle.phy  treef: ./tree_unrooted_pos_selection.nwk)


TREE #  1


dN/dS (w) for site classes (K=4)

site class             0        1       2a       2b
proportion       0.63197  0.30529  0.04230  0.02044
background w     0.08070  1.00000  0.08070  1.00000
foreground w     0.08070  1.00000 330.87159 330.87159

Naive Empirical Bayes (NEB) probabilities for 4 classes
(amino acids refer to 1st sequence: YEL009C)

   1 P   0.00000 0.92562 0.00000 0.07438 ( 2)
   2 S   0.00000 0.96268 0.00000 0.03732 ( 2)
   3 L   0.00154 0.96444 0.00003 0.03400 ( 2)
   4 F   0.00312 0.00000 0.99688 0.00000 ( 3)
   5 E   0.00014 0.99224 0.00000 0.00762 ( 2)
   6 D   0.00000 0.98200 0.00000 0.01800 ( 2)
   7 P   0.00006 0.97430 0.00000 0.02563 ( 2)
   8 I   0.00000 0.81496 0.00000 0.18504 ( 2)
   9 I   0.00000 0.98191 0.00000 0.01809 ( 2)
  10 K   0.00000 0.92055 0.00000 0.07945 ( 2)
  11 E   0.89367 0.10406 0.00164 0.00063 ( 1)
  12 L   0.00549 0.97950 0.00005 0.01496 ( 2)
  13 D   0.91223 0.00078 0.08697 0.00002 ( 1)
  14 D   0.54230 0.04503 0.40800 0.00466 ( 1)
  15 A   0.00023 0.92573 0.00012 0.07392 ( 2)
  16 T   0.99462 0.00000 0.00538 0.00000 ( 1)
  17 P   0.99747 0.00000 0.00253 0.00000 ( 1)
  18 M   0.87901 0.00000 0.12099 0.00000 ( 1)
  19 F   0.99636 0.00000 0.00364 0.00000 ( 1)
  20 E   0.99788 0.00000 0.00212 0.00000 ( 1)
  21 Y   0.90047 0.01821 0.08097 0.00035 ( 1)
  22 E   0.93076 0.00000 0.06923 0.00000 ( 1)
  23 N   0.00000 0.94350 0.00000 0.05650 ( 2)
  24 L   0.00000 0.89274 0.00000 0.10726 ( 2)
  25 E   0.99367 0.00291 0.00337 0.00005 ( 1)
  26 N   0.91536 0.00230 0.08228 0.00006 ( 1)
  27 S   0.02618 0.21617 0.69888 0.05876 ( 3)
  28 K   0.00036 0.97872 0.00003 0.02088 ( 2)
  29 E   0.00000 0.91804 0.00000 0.08196 ( 2)
  30 W   0.99880 0.00000 0.00120 0.00000 ( 1)
  31 T   0.65426 0.33923 0.00286 0.00365 ( 1)
  32 S   0.99198 0.00000 0.00802 0.00000 ( 1)
  33 L   0.99770 0.00000 0.00230 0.00000 ( 1)
  34 F   0.99721 0.00000 0.00279 0.00000 ( 1)
  35 D   0.99633 0.00000 0.00367 0.00000 ( 1)
  36 N   0.99503 0.00000 0.00497 0.00000 ( 1)
  37 D   0.99745 0.00000 0.00255 0.00000 ( 1)
  38 I   0.99688 0.00000 0.00312 0.00000 ( 1)
  39 P   0.99279 0.00201 0.00517 0.00003 ( 1)
  40 V   0.99628 0.00000 0.00371 0.00000 ( 1)
  41 T   0.06489 0.92045 0.00036 0.01430 ( 2)
  42 T   0.00002 0.88142 0.00004 0.11852 ( 2)
  43 D   0.00185 0.98602 0.00001 0.01213 ( 2)
  44 D   0.99655 0.00000 0.00345 0.00000 ( 1)
  45 V   0.99764 0.00000 0.00236 0.00000 ( 1)
  46 I   0.00135 0.93762 0.00052 0.06051 ( 2)
  47 E   0.84781 0.14949 0.00167 0.00103 ( 1)
  48 S   0.00000 0.96458 0.00000 0.03542 ( 2)
  49 T   0.00081 0.94459 0.00060 0.05400 ( 2)
  50 E   0.00000 0.95948 0.00000 0.04052 ( 2)
  51 E   0.00004 0.91154 0.00021 0.08821 ( 2)
  52 V   0.00000 0.87488 0.00000 0.12512 ( 2)
  53 S   0.00000 0.90678 0.00000 0.09322 ( 2)
  54 T   0.00000 0.92210 0.00000 0.07790 ( 2)
  55 T   0.00000 0.93731 0.00000 0.06269 ( 2)
  56 S   0.01092 0.02353 0.95699 0.00857 ( 3)
  57 F   0.99680 0.00000 0.00320 0.00000 ( 1)
  58 L   0.99579 0.00000 0.00421 0.00000 ( 1)
  59 P   0.99745 0.00000 0.00255 0.00000 ( 1)
  60 T   0.99030 0.00000 0.00970 0.00000 ( 1)
  61 P   0.99671 0.00000 0.00329 0.00000 ( 1)
  62 V   0.01392 0.94580 0.00376 0.03652 ( 2)
  63 L   0.42724 0.00131 0.57129 0.00017 ( 3)
  64 E   0.99834 0.00000 0.00166 0.00000 ( 1)
  65 D   0.99799 0.00037 0.00165 0.00000 ( 1)
  66 A   0.10214 0.82561 0.03443 0.03781 ( 2)
  67 K   0.00181 0.76976 0.01783 0.21061 ( 2)
  68 L   0.48022 0.00822 0.50995 0.00160 ( 3)
  69 T   0.00000 0.70903 0.00000 0.29097 ( 2)
  70 Q   0.00000 0.92549 0.00000 0.07451 ( 2)
  71 T   0.00000 0.96592 0.00000 0.03408 ( 2)
  72 D   0.00000 0.96629 0.00000 0.03371 ( 2)
  73 D   0.00000 0.98627 0.00000 0.01373 ( 2)
  74 E   0.00000 0.95704 0.00000 0.04296 ( 2)
  75 S   0.00000 0.87635 0.00000 0.12365 ( 2)
  76 R   0.99699 0.00000 0.00301 0.00000 ( 1)
  77 L   0.00126 0.96038 0.00002 0.03834 ( 2)
  78 D   0.99702 0.00000 0.00298 0.00000 ( 1)
  79 H   0.87942 0.00000 0.12058 0.00000 ( 1)
  80 L   0.99418 0.00000 0.00582 0.00000 ( 1)
  81 G   0.99778 0.00000 0.00222 0.00000 ( 1)
  82 V   0.99714 0.00000 0.00286 0.00000 ( 1)
  83 V   0.99780 0.00000 0.00220 0.00000 ( 1)
  84 A   0.00032 0.97283 0.00002 0.02684 ( 2)
  85 Y   0.99839 0.00000 0.00161 0.00000 ( 1)
  86 N   0.91537 0.00000 0.08463 0.00000 ( 1)
  87 R   0.90338 0.00000 0.09662 0.00000 ( 1)
  88 K   0.99840 0.00000 0.00160 0.00000 ( 1)
  89 Q   0.00003 0.99390 0.00000 0.00607 ( 2)
  90 R   0.99791 0.00000 0.00209 0.00000 ( 1)
  91 S   0.04011 0.93916 0.00017 0.02055 ( 2)
  92 I   0.00220 0.97675 0.00001 0.02104 ( 2)
  93 P   0.99630 0.00000 0.00370 0.00000 ( 1)
  94 L   0.99727 0.00000 0.00273 0.00000 ( 1)
  95 S   0.99767 0.00000 0.00232 0.00000 ( 1)
  96 P   0.99704 0.00000 0.00296 0.00000 ( 1)
  97 I   0.99057 0.00000 0.00943 0.00000 ( 1)
  98 V   0.97021 0.02036 0.00894 0.00049 ( 1)
  99 P   0.98976 0.00185 0.00835 0.00004 ( 1)
 100 E   0.99832 0.00000 0.00168 0.00000 ( 1)
 101 S   0.99732 0.00011 0.00257 0.00000 ( 1)
 102 S   0.99547 0.00005 0.00448 0.00000 ( 1)
 103 D   0.99839 0.00000 0.00161 0.00000 ( 1)
 104 P   0.99758 0.00000 0.00242 0.00000 ( 1)
 105 A   0.75070 0.00119 0.24804 0.00007 ( 1)
 106 A   0.99770 0.00001 0.00229 0.00000 ( 1)
 107 L   0.62196 0.00032 0.37769 0.00003 ( 1)
 108 K   0.99505 0.00000 0.00495 0.00000 ( 1)
 109 R   0.99779 0.00000 0.00221 0.00000 ( 1)
 110 A   0.99772 0.00000 0.00228 0.00000 ( 1)
 111 R   0.79449 0.00001 0.20550 0.00000 ( 1)
 112 N   0.99814 0.00000 0.00186 0.00000 ( 1)
 113 T   0.99653 0.00000 0.00347 0.00000 ( 1)
 114 E   0.99483 0.00000 0.00517 0.00000 ( 1)
 115 A   0.99645 0.00000 0.00355 0.00000 ( 1)
 116 A   0.99779 0.00000 0.00221 0.00000 ( 1)
 117 R   0.99820 0.00000 0.00180 0.00000 ( 1)
 118 R   0.99771 0.00000 0.00229 0.00000 ( 1)
 119 S   0.99699 0.00000 0.00301 0.00000 ( 1)
 120 R   0.99418 0.00000 0.00582 0.00000 ( 1)
 121 A   0.99425 0.00000 0.00575 0.00000 ( 1)
 122 R   0.99802 0.00000 0.00198 0.00000 ( 1)
 123 K   0.99820 0.00000 0.00180 0.00000 ( 1)
 124 L   0.98710 0.00000 0.01289 0.00000 ( 1)
 125 Q   0.99747 0.00000 0.00253 0.00000 ( 1)
 126 R   0.99806 0.00000 0.00194 0.00000 ( 1)
 127 M   0.99875 0.00000 0.00125 0.00000 ( 1)
 128 K   0.99781 0.00000 0.00219 0.00000 ( 1)
 129 Q   0.99808 0.00000 0.00192 0.00000 ( 1)
 130 L   0.99635 0.00000 0.00365 0.00000 ( 1)
 131 E   0.99806 0.00000 0.00194 0.00000 ( 1)
 132 D   0.93980 0.05303 0.00627 0.00090 ( 1)
 133 K   0.99746 0.00000 0.00254 0.00000 ( 1)
 134 V   0.99494 0.00000 0.00506 0.00000 ( 1)
 135 E   0.84228 0.00000 0.15772 0.00000 ( 1)
 136 E   0.98720 0.00841 0.00427 0.00012 ( 1)
 137 L   0.99724 0.00000 0.00276 0.00000 ( 1)
 138 L   0.98918 0.00000 0.01082 0.00000 ( 1)
 139 S   0.00001 0.96891 0.00000 0.03108 ( 2)
 140 K   0.99710 0.00107 0.00182 0.00001 ( 1)
 141 N   0.99650 0.00000 0.00350 0.00000 ( 1)
 142 Y   0.00002 0.99103 0.00000 0.00895 ( 2)
 143 H   0.78838 0.12479 0.08330 0.00352 ( 1)
 144 L   0.99729 0.00000 0.00271 0.00000 ( 1)
 145 E   0.99805 0.00000 0.00195 0.00000 ( 1)
 146 N   0.00082 0.97545 0.00001 0.02373 ( 2)
 147 E   0.99841 0.00000 0.00159 0.00000 ( 1)
 148 V   0.99047 0.00000 0.00953 0.00000 ( 1)
 149 A   0.00000 0.94398 0.00000 0.05602 ( 2)
 150 R   0.99820 0.00000 0.00180 0.00000 ( 1)
 151 L   0.99660 0.00000 0.00340 0.00000 ( 1)
 152 K   0.44398 0.54647 0.00371 0.00584 ( 2)
 153 K   0.00000 0.71825 0.00000 0.28175 ( 2)
 154 L   0.75148 0.00002 0.24849 0.00000 ( 1)
 155 V   0.98899 0.00000 0.01101 0.00000 ( 1)
 156 G   0.00000 0.97722 0.00000 0.02278 ( 2)
 157 E   0.00000 0.83416 0.00000 0.16584 ( 2)
 158 R   0.00000 0.98013 0.00000 0.01987 ( 2)


lnL = -7433.126399

Bayes Empirical Bayes (BEB) probabilities for 4 classes (class)
(amino acids refer to 1st sequence: YEL009C)

   1 P   0.00000 0.91595 0.00000 0.08405 ( 2)
   2 S   0.00000 0.95765 0.00000 0.04235 ( 2)
   3 L   0.00003 0.95368 0.00000 0.04628 ( 2)
   4 F   0.00225 0.00000 0.99775 0.00000 ( 3)
   5 E   0.00000 0.97994 0.00000 0.02006 ( 2)
   6 D   0.00000 0.96558 0.00000 0.03442 ( 2)
   7 P   0.00000 0.96468 0.00000 0.03532 ( 2)
   8 I   0.00000 0.82839 0.00000 0.17161 ( 2)
   9 I   0.00000 0.97273 0.00000 0.02727 ( 2)
  10 K   0.00000 0.90639 0.00000 0.09361 ( 2)
  11 E   0.18755 0.79624 0.00114 0.01506 ( 2)
  12 L   0.00029 0.97205 0.00000 0.02766 ( 2)
  13 D   0.82208 0.01314 0.16425 0.00053 ( 1)
  14 D   0.31060 0.37573 0.28222 0.03145 ( 2)
  15 A   0.00000 0.93091 0.00000 0.06908 ( 2)
  16 T   0.99131 0.00000 0.00869 0.00000 ( 1)
  17 P   0.99111 0.00000 0.00889 0.00000 ( 1)
  18 M   0.80244 0.00000 0.19756 0.00000 ( 1)
  19 F   0.99330 0.00000 0.00670 0.00000 ( 1)
  20 E   0.99363 0.00000 0.00637 0.00000 ( 1)
  21 Y   0.60391 0.26283 0.12522 0.00804 ( 1)
  22 E   0.86240 0.00001 0.13759 0.00000 ( 1)
  23 N   0.00000 0.93316 0.00000 0.06684 ( 2)
  24 L   0.00000 0.87509 0.00000 0.12491 ( 2)
  25 E   0.96876 0.02431 0.00621 0.00072 ( 1)
  26 N   0.75286 0.03699 0.20849 0.00166 ( 1)
  27 S   0.00224 0.72628 0.11619 0.15529 ( 2)
  28 K   0.00000 0.96026 0.00000 0.03973 ( 2)
  29 E   0.00000 0.91667 0.00000 0.08333 ( 2)
  30 W   0.99413 0.00000 0.00587 0.00000 ( 1)
  31 T   0.06850 0.90680 0.00074 0.02396 ( 2)
  32 S   0.98851 0.00000 0.01149 0.00000 ( 1)
  33 L   0.99155 0.00000 0.00845 0.00000 ( 1)
  34 F   0.99383 0.00000 0.00617 0.00000 ( 1)
  35 D   0.99345 0.00000 0.00655 0.00000 ( 1)
  36 N   0.99141 0.00000 0.00859 0.00000 ( 1)
  37 D   0.99414 0.00000 0.00586 0.00000 ( 1)
  38 I   0.99288 0.00000 0.00712 0.00000 ( 1)
  39 P   0.97093 0.01917 0.00940 0.00051 ( 1)
  40 V   0.99153 0.00001 0.00846 0.00000 ( 1)
  41 T   0.00186 0.97437 0.00002 0.02376 ( 2)
  42 T   0.00000 0.87953 0.00000 0.12047 ( 2)
  43 D   0.00001 0.97659 0.00000 0.02339 ( 2)
  44 D   0.99359 0.00000 0.00641 0.00000 ( 1)
  45 V   0.99202 0.00001 0.00798 0.00000 ( 1)
  46 I   0.00001 0.92713 0.00001 0.07286 ( 2)
  47 E   0.19584 0.78716 0.00121 0.01579 ( 2)
  48 S   0.00000 0.95317 0.00000 0.04683 ( 2)
  49 T   0.00001 0.94422 0.00001 0.05576 ( 2)
  50 E   0.00000 0.93975 0.00000 0.06025 ( 2)
  51 E   0.00000 0.90503 0.00000 0.09496 ( 2)
  52 V   0.00000 0.87871 0.00000 0.12129 ( 2)
  53 S   0.00000 0.90629 0.00000 0.09371 ( 2)
  54 T   0.00000 0.91013 0.00000 0.08987 ( 2)
  55 T   0.00000 0.93540 0.00000 0.06460 ( 2)
  56 S   0.00454 0.26578 0.66582 0.06387 ( 3)
  57 F   0.99358 0.00000 0.00642 0.00000 ( 1)
  58 L   0.98993 0.00000 0.01007 0.00000 ( 1)
  59 P   0.99111 0.00000 0.00889 0.00000 ( 1)
  60 T   0.98888 0.00000 0.01112 0.00000 ( 1)
  61 P   0.99092 0.00000 0.00908 0.00000 ( 1)
  62 V   0.00021 0.95092 0.00011 0.04876 ( 2)
  63 L   0.35538 0.01517 0.62785 0.00160 ( 3)
  64 E   0.99395 0.00000 0.00605 0.00000 ( 1)
  65 D   0.98960 0.00502 0.00528 0.00010 ( 1)
  66 A   0.00286 0.93134 0.00206 0.06374 ( 2)
  67 K   0.00003 0.80300 0.00041 0.19656 ( 2)
  68 L   0.38449 0.03341 0.57654 0.00556 ( 3)
  69 T   0.00000 0.75924 0.00000 0.24076 ( 2)
  70 Q   0.00000 0.93238 0.00000 0.06762 ( 2)
  71 T   0.00000 0.93695 0.00000 0.06305 ( 2)
  72 D   0.00000 0.94617 0.00000 0.05383 ( 2)
  73 D   0.00000 0.96962 0.00000 0.03038 ( 2)
  74 E   0.00000 0.95299 0.00000 0.04701 ( 2)
  75 S   0.00000 0.87905 0.00000 0.12095 ( 2)
  76 R   0.99315 0.00000 0.00685 0.00000 ( 1)
  77 L   0.00002 0.94353 0.00000 0.05645 ( 2)
  78 D   0.99388 0.00000 0.00612 0.00000 ( 1)
  79 H   0.73576 0.00000 0.26424 0.00000 ( 1)
  80 L   0.98850 0.00000 0.01150 0.00000 ( 1)
  81 G   0.99222 0.00000 0.00778 0.00000 ( 1)
  82 V   0.99192 0.00000 0.00808 0.00000 ( 1)
  83 V   0.99318 0.00000 0.00682 0.00000 ( 1)
  84 A   0.00000 0.96531 0.00000 0.03468 ( 2)
  85 Y   0.99306 0.00000 0.00694 0.00000 ( 1)
  86 N   0.80715 0.00000 0.19285 0.00000 ( 1)
  87 R   0.91314 0.00000 0.08686 0.00000 ( 1)
  88 K   0.99430 0.00000 0.00570 0.00000 ( 1)
  89 Q   0.00000 0.98109 0.00000 0.01891 ( 2)
  90 R   0.99216 0.00000 0.00784 0.00000 ( 1)
  91 S   0.00099 0.96636 0.00001 0.03264 ( 2)
  92 I   0.00003 0.97278 0.00000 0.02719 ( 2)
  93 P   0.99077 0.00000 0.00923 0.00000 ( 1)
  94 L   0.99128 0.00000 0.00872 0.00000 ( 1)
  95 S   0.99203 0.00000 0.00797 0.00000 ( 1)
  96 P   0.99099 0.00000 0.00901 0.00000 ( 1)
  97 I   0.98856 0.00000 0.01144 0.00000 ( 1)
  98 V   0.74211 0.24189 0.00872 0.00728 ( 1)
  99 P   0.97173 0.01752 0.01025 0.00051 ( 1)
 100 E   0.99394 0.00000 0.00606 0.00000 ( 1)
 101 S   0.99119 0.00063 0.00817 0.00001 ( 1)
 102 S   0.99256 0.00038 0.00705 0.00001 ( 1)
 103 D   0.99473 0.00000 0.00527 0.00000 ( 1)
 104 P   0.99112 0.00000 0.00888 0.00000 ( 1)
 105 A   0.63586 0.00893 0.35467 0.00054 ( 1)
 106 A   0.99183 0.00003 0.00813 0.00000 ( 1)
 107 L   0.55516 0.00156 0.44316 0.00012 ( 1)
 108 K   0.99154 0.00000 0.00846 0.00000 ( 1)
 109 R   0.99212 0.00000 0.00788 0.00000 ( 1)
 110 A   0.99188 0.00000 0.00812 0.00000 ( 1)
 111 R   0.69541 0.00001 0.30458 0.00000 ( 1)
 112 N   0.99464 0.00000 0.00536 0.00000 ( 1)
 113 T   0.99159 0.00000 0.00841 0.00000 ( 1)
 114 E   0.99161 0.00000 0.00839 0.00000 ( 1)
 115 A   0.99160 0.00000 0.00840 0.00000 ( 1)
 116 A   0.99157 0.00000 0.00843 0.00000 ( 1)
 117 R   0.99289 0.00000 0.00711 0.00000 ( 1)
 118 R   0.99205 0.00000 0.00795 0.00000 ( 1)
 119 S   0.99153 0.00000 0.00847 0.00000 ( 1)
 120 R   0.98963 0.00000 0.01037 0.00000 ( 1)
 121 A   0.99087 0.00000 0.00913 0.00000 ( 1)
 122 R   0.99271 0.00000 0.00729 0.00000 ( 1)
 123 K   0.99414 0.00000 0.00586 0.00000 ( 1)
 124 L   0.98455 0.00001 0.01544 0.00000 ( 1)
 125 Q   0.99153 0.00000 0.00847 0.00000 ( 1)
 126 R   0.99275 0.00000 0.00725 0.00000 ( 1)
 127 M   0.99621 0.00000 0.00379 0.00000 ( 1)
 128 K   0.99443 0.00000 0.00557 0.00000 ( 1)
 129 Q   0.99303 0.00000 0.00697 0.00000 ( 1)
 130 L   0.99022 0.00000 0.00978 0.00000 ( 1)
 131 E   0.99376 0.00000 0.00624 0.00000 ( 1)
 132 D   0.42773 0.55332 0.00442 0.01453 ( 2)
 133 K   0.99193 0.00000 0.00807 0.00000 ( 1)
 134 V   0.99140 0.00000 0.00860 0.00000 ( 1)
 135 E   0.74496 0.00000 0.25504 0.00000 ( 1)
 136 E   0.84526 0.14465 0.00660 0.00350 ( 1)
 137 L   0.98937 0.00000 0.01063 0.00000 ( 1)
 138 L   0.98452 0.00000 0.01548 0.00000 ( 1)
 139 S   0.00000 0.94946 0.00000 0.05054 ( 2)
 140 K   0.98342 0.00931 0.00708 0.00019 ( 1)
 141 N   0.99356 0.00000 0.00644 0.00000 ( 1)
 142 Y   0.00000 0.97638 0.00000 0.02362 ( 2)
 143 H   0.15217 0.78025 0.03657 0.03101 ( 2)
 144 L   0.99114 0.00000 0.00886 0.00000 ( 1)
 145 E   0.99375 0.00000 0.00625 0.00000 ( 1)
 146 N   0.00000 0.96895 0.00000 0.03105 ( 2)
 147 E   0.99400 0.00000 0.00600 0.00000 ( 1)
 148 V   0.98851 0.00000 0.01149 0.00000 ( 1)
 149 A   0.00000 0.94285 0.00000 0.05715 ( 2)
 150 R   0.99288 0.00001 0.00711 0.00000 ( 1)
 151 L   0.99067 0.00000 0.00933 0.00000 ( 1)
 152 K   0.02079 0.95371 0.00041 0.02508 ( 2)
 153 K   0.00000 0.78925 0.00000 0.21075 ( 2)
 154 L   0.62451 0.00003 0.37546 0.00000 ( 1)
 155 V   0.98687 0.00000 0.01313 0.00000 ( 1)
 156 G   0.00000 0.95422 0.00000 0.04578 ( 2)
 157 E   0.00000 0.82144 0.00000 0.17856 ( 2)
 158 R   0.00000 0.96407 0.00000 0.03593 ( 2)

Ancestral reconstruction by CODONML.

(ZYRO0D091: 5.036108, (((SAKL0F050: 0.648376, (Kwal_55.2: 0.578682, KLTH0F127: 0.902439): 0.877015): 0.446761, (((TPHA0L006: 0.813228, Kpol_487.: 0.689731): 0.278237, (((ADL012C: 0.997102, Ecym_4497: 1.147810): 0.746734, KLLA0D141: 25.012808): 0.413307, TBLA0A009: 1.074068): 0.001115): 0.087428, (NCAS0I001: 0.420091, NDAI0A086: 0.514708): 0.482845): 0.046519): 0.063894, (KNAG0L008: 1.506926, (Skud_5.91: 0.204000, (Suva_5.73: 0.268415, (YEL009C: 0.211795, Smik_5.10: 0.209073): 0.103899): 0.045298): 0.471417): 0.208924): 0.109628, (CAGL0L024: 1.422947, (TDEL0H029: 2.089988, KAFR0L005: 0.885476): 0.185468): 0.132478);

(13, (((18, (20, 19)), (((11, 12), (((16, 17), 15), 10)), (8, 9))), (7, (3, (4, (1, 2))))), (5, (14, 6)));

  21..13   21..22   22..23   23..24   24..18   24..25   25..20   25..19   23..26   26..27   27..28   28..11   28..12   27..29   29..30   30..31   31..16   31..17   30..15   29..10   26..32   32..8    32..9    22..33   33..7    33..34   34..3    34..35   35..4    35..36   36..1    36..2    21..37   37..5    37..38   38..14   38..6  

tree with node labels for Rod Page's TreeView
(13_ZYRO0D091, (((18_SAKL0F050, (20_Kwal_55.2, 19_KLTH0F127) 25 ) 24 , (((11_TPHA0L006, 12_Kpol_487.) 28 , (((16_ADL012C, 17_Ecym_4497) 31 , 15_KLLA0D141) 30 , 10_TBLA0A009) 29 ) 27 , (8_NCAS0I001, 9_NDAI0A086) 32 ) 26 ) 23 , (7_KNAG0L008, (3_Skud_5.91, (4_Suva_5.73, (1_YEL009C, 2_Smik_5.10) 36 ) 35 ) 34 ) 33 ) 22 , (5_CAGL0L024, (14_TDEL0H029, 6_KAFR0L005) 38 ) 37 ) 21 ;

Nodes 21 to 38 are ancestral

(1) Marginal reconstruction of ancestral sequences
(eqn. 4 in Yang et al. 1995 Genetics 141:1641-1650).

Prob of best state at each node, listed by site

   site   Freq   Data: 

   1      1   CCA (P) CCA (P) CGA (R) CCA (P) ATG (M) TAC (Y) CCA (P) CAA (Q) CTT (L) ATG (M) TCC (S) CCA (P) CAA (Q) ATG (M) ATG (M) ATT (I) GCA (A) CAG (Q) CCT (P) CCT (P) :  CCA P 0.275 (P 0.460) CCA P 0.409 (P 0.597) CCA P 0.396 (P 0.590) CCG P 0.282 (P 0.552) CCT P 0.756 (P 0.891) CCA P 0.384 (P 0.569) CCA P 0.339 (P 0.522) CCA P 0.477 (P 0.692) CCA P 0.336 (P 0.517) ATA I 0.127 (L 0.232) ATA I 0.147 (I 0.223) CTA L 0.377 (L 0.511) CCA P 0.615 (P 0.741) CCA P 0.908 (P 0.909) CCA P 0.988 (P 0.988) CCA P 0.998 (P 0.999) CCA P 0.158 (L 0.356) CTA L 0.088 (L 0.315)
   2      1   AGT (S) AGT (S) AGT (S) AGT (S) AAA (K) AAC (N) AGT (S) AGT (S) CTT (L) TCA (S) AAT (N) AAT (N) AGT (S) TCT (S) AAC (N) TCG (S) AGT (S) TCC (S) TCT (S) TCC (S) :  AAT N 0.502 (N 0.561) AAT N 0.498 (N 0.525) AAT N 0.497 (N 0.524) TCT S 0.251 (S 0.521) TCC S 0.486 (S 0.873) AAT N 0.515 (N 0.537) AAT N 0.585 (N 0.611) AAT N 0.818 (N 0.835) AAT N 0.584 (N 0.610) AAT N 0.410 (N 0.549) AGT S 0.169 (S 0.256) AGT S 0.490 (S 0.495) AGT S 0.638 (S 0.659) AGT S 0.997 (S 0.997) AGT S 0.999 (S 0.999) AGT S 0.999 (S 1.000) AAT N 0.503 (N 0.608) AAT N 0.448 (N 0.612)
   3      1   TTA (L) TTA (L) TTA (L) TTA (L) ATG (M) ATT (I) TTA (L) TTG (L) CTG (L) ACT (T) CTA (L) TTG (L) TTA (L) GTC (V) CTA (L) ATG (M) GCG (A) ATT (I) TTA (L) CTT (L) :  TTA L 0.370 (L 0.693) TTA L 0.494 (L 0.863) TTA L 0.459 (L 0.870) TTT F 0.241 (L 0.468) TTT F 0.241 (L 0.643) TTA L 0.432 (L 0.891) TTA L 0.417 (L 0.883) TTA L 0.404 (L 0.929) TTA L 0.416 (L 0.881) TTA L 0.274 (L 0.764) ATG M 0.226 (L 0.260) TTG L 0.716 (L 0.966) TTA L 0.731 (L 0.934) TTA L 0.998 (L 0.999) TTA L 0.999 (L 1.000) TTA L 0.999 (L 1.000) TTA L 0.228 (L 0.474) ATA I 0.145 (I 0.312)
   4      1   TTT (F) TTC (F) TTT (F) TTT (F) TAC (Y) TTA (L) TTT (F) TTT (F) TTT (F) TTT (F) TTA (L) TTC (F) TTT (F) TTT (F) GAA (E) TTT (F) TTT (F) TTT (F) TTC (F) TTC (F) :  TTT F 0.945 (F 1.000) TTT F 0.986 (F 1.000) TTT F 0.988 (F 1.000) TTT F 0.911 (F 1.000) TTC F 0.860 (F 1.000) TTT F 0.988 (F 1.000) TTT F 0.977 (F 1.000) TTT F 0.686 (F 0.989) TTT F 0.977 (F 1.000) TTT F 0.945 (F 0.999) TTT F 0.962 (F 1.000) TTT F 0.996 (F 1.000) TTT F 0.989 (F 1.000) TTT F 0.999 (F 1.000) TTT F 0.998 (F 1.000) TTT F 0.967 (F 1.000) TTT F 0.893 (F 1.000) TTT F 0.868 (F 0.992)
   5      1   GAG (E) GAA (E) GAA (E) GAA (E) GAC (D) TCA (S) AAG (K) GAT (D) GAG (E) GAT (D) GAA (E) GAA (E) GAT (D) CAG (Q) GAA (E) GAT (D) CAG (Q) GAC (D) CCC (P) GAC (D) :  GAA E 0.795 (E 0.865) GAA E 0.879 (E 0.943) GAA E 0.875 (E 0.939) GAC D 0.653 (D 0.703) GAC D 0.641 (D 0.661) GAA E 0.877 (E 0.943) GAA E 0.902 (E 0.953) GAA E 0.946 (E 0.972) GAA E 0.901 (E 0.953) GAA E 0.806 (E 0.894) GAA E 0.308 (E 0.565) GAG E 0.375 (E 0.708) GAA E 0.861 (E 0.936) GAA E 0.995 (E 0.999) GAA E 0.995 (E 1.000) GAA E 0.964 (E 0.999) GAA E 0.708 (E 0.781) GAA E 0.482 (E 0.541)
   6      1   GAT (D) GAT (D) GAT (D) GAC (D) TCA (S) AAT (N) GAG (E) GAT (D) GAA (E) ACT (T) TCT (S) TCT (S) AGC (S) GTT (V) CAT (H) CAC (H) CAG (Q) GGA (G) GGG (G) GAC (D) :  GAT D 0.780 (D 0.792) GAT D 0.914 (D 0.919) GAT D 0.914 (D 0.918) GAT D 0.270 (D 0.347) GAC D 0.264 (D 0.363) GAT D 0.899 (D 0.902) GAT D 0.538 (D 0.540) TCT S 0.462 (S 0.467) GAT D 0.537 (D 0.538) CAT H 0.534 (H 0.568) CAT H 0.314 (H 0.585) GAT D 0.876 (D 0.894) GAT D 0.914 (D 0.928) GAT D 0.992 (D 0.999) GAT D 0.986 (D 0.999) GAT D 0.998 (D 1.000) GAT D 0.649 (D 0.664) GAT D 0.560 (D 0.576)
   7      1   CCA (P) CCA (P) TCA (S) CCA (P) AAC (N) AAT (N) CCC (P) CAA (Q) GAA (E) CCC (P) CCT (P) CCT (P) CCC (P) CCA (P) CCT (P) GAG (E) GAG (E) CCC (P) CCC (P) GTG (V) :  CCC P 0.296 (P 0.717) CCC P 0.395 (P 0.956) CCC P 0.402 (P 0.971) CCC P 0.596 (P 0.905) CCC P 0.236 (P 0.439) CCT P 0.377 (P 0.970) CCT P 0.501 (P 0.982) CCT P 0.789 (P 0.980) CCT P 0.501 (P 0.982) CCT P 0.435 (P 0.771) GAG E 0.354 (E 0.402) CAA Q 0.779 (Q 0.794) CCC P 0.365 (P 0.953) CCA P 0.940 (P 0.944) CCA P 0.989 (P 0.989) CCA P 0.998 (P 0.998) CCC P 0.194 (P 0.473) CCT P 0.168 (P 0.367)
   8      1   ATT (I) ATA (I) ATG (M) ATG (M) GCC (A) ACT (T) CTG (L) TTT (F) CAA (Q) TTA (L) GCT (A) GTA (V) GTG (V) ATG (M) CAT (H) GCC (A) TTA (L) CTC (L) AGC (S) ATT (I) :  ATT I 0.219 (I 0.390) ATT I 0.227 (I 0.411) ATT I 0.194 (I 0.358) ATC I 0.192 (L 0.380) ATT I 0.381 (I 0.719) ATT I 0.154 (L 0.366) GTT V 0.136 (L 0.359) GTT V 0.315 (V 0.664) GTT V 0.135 (L 0.359) CTT L 0.145 (L 0.344) TTA L 0.093 (L 0.233) CTT L 0.240 (L 0.588) ATG M 0.324 (M 0.324) ATG M 0.907 (M 0.907) ATG M 0.899 (M 0.899) ATG M 0.507 (M 0.507) ATT I 0.207 (I 0.358) ATT I 0.227 (I 0.361)
   9      1   ATC (I) ATT (I) ATT (I) ATC (I) GCA (A) ATT (I) CCC (P) ATG (M) CAA (Q) TTT (F) CTT (L) CTG (L) CCC (P) GAC (D) CTC (L) CTG (L) CTG (L) GTC (V) ACT (T) GTC (V) :  ATT I 0.222 (I 0.435) ATT I 0.217 (I 0.438) CTC L 0.198 (L 0.423) GTC V 0.411 (V 0.583) GTC V 0.357 (V 0.526) CTT L 0.279 (L 0.593) CTT L 0.426 (L 0.850) CTT L 0.507 (L 0.936) CTT L 0.426 (L 0.851) CTC L 0.427 (L 0.906) CTG L 0.621 (L 0.917) CTG L 0.232 (L 0.523) ATC I 0.265 (I 0.513) ATT I 0.534 (I 0.996) ATC I 0.539 (I 0.999) ATC I 0.536 (I 0.999) ATT I 0.232 (I 0.439) ATT I 0.272 (I 0.476)
  10      1   AAA (K) AAG (K) AAG (K) AAG (K) AAC (N) AAT (N) TCT (S) ACT (T) GAA (E) AGT (S) GCT (A) TCA (S) GGA (G) CTG (L) CAA (Q) GCG (A) GTA (V) AAA (K) GGC (G) AAG (K) :  AAA K 0.392 (K 0.558) AAA K 0.447 (K 0.612) AAA K 0.515 (K 0.627) AAA K 0.606 (K 0.756) AAG K 0.345 (K 0.499) AAA K 0.497 (K 0.578) AAA K 0.425 (K 0.481) ACA T 0.275 (T 0.452) AAA K 0.425 (K 0.481) AAA K 0.294 (K 0.344) GCA A 0.170 (A 0.281) AAA K 0.386 (K 0.422) AAG K 0.309 (K 0.599) AAG K 0.982 (K 0.997) AAG K 0.985 (K 0.999) AAG K 0.955 (K 0.999) AAT N 0.340 (K 0.490) AAT N 0.364 (N 0.447)
  11      1   GAG (E) GAG (E) GAA (E) GAA (E) GAC (D) GAA (E) GAG (E) GAA (E) GAA (E) GAT (D) GAA (E) GAA (E) TGT (C) GAC (D) GAA (E) GAT (D) GAG (E) CAA (Q) GAC (D) GGC (G) :  GAA E 0.895 (E 0.913) GAA E 0.990 (E 0.999) GAA E 0.996 (E 1.000) GAA E 0.935 (E 0.962) GAC D 0.734 (D 0.770) GAA E 0.998 (E 1.000) GAA E 0.996 (E 1.000) GAA E 0.993 (E 0.998) GAA E 0.996 (E 1.000) GAA E 0.932 (E 0.993) GAA E 0.533 (E 0.941) GAA E 0.996 (E 0.999) GAA E 0.951 (E 0.998) GAA E 0.958 (E 1.000) GAA E 0.929 (E 1.000) GAG E 0.893 (E 1.000) GAA E 0.860 (E 0.886) GAA E 0.849 (E 0.883)
  12      1   CTA (L) TTG (L) TTA (L) CTA (L) ATT (I) TTA (L) GTC (V) TTA (L) TTA (L) ATT (I) ATT (I) CTT (L) TTG (L) CAC (H) TTG (L) TTG (L) CTC (L) TTG (L) GCG (A) TCC (S) :  TTA L 0.764 (L 0.870) TTA L 0.806 (L 0.902) TTA L 0.787 (L 0.898) TTG L 0.452 (L 0.821) TCG S 0.357 (S 0.716) TTA L 0.777 (L 0.886) TTA L 0.504 (L 0.656) TTT F 0.427 (F 0.447) TTA L 0.503 (L 0.655) TTG L 0.419 (L 0.778) TTG L 0.396 (L 0.732) TTA L 0.967 (L 0.987) TTA L 0.793 (L 0.897) TTA L 0.888 (L 0.998) TTA L 0.777 (L 0.999) TTA L 0.738 (L 0.999) TTA L 0.717 (L 0.831) TTA L 0.688 (L 0.817)
  13      1   GAT (D) GAT (D) GAT (D) GAC (D) GAT (D) GAT (D) AGT (S) GAC (D) GAC (D) GAT (D) GAT (D) GAT (D) GGT (G) GAT (D) AAC (N) GAC (D) AGC (S) AAC (N) GAA (E) GAC (D) :  GAT D 0.918 (D 1.000) GAT D 0.899 (D 1.000) GAT D 0.804 (D 1.000) GAC D 0.682 (D 0.984) GAC D 0.834 (D 0.985) GAT D 0.791 (D 1.000) GAT D 0.812 (D 1.000) GAT D 0.926 (D 1.000) GAT D 0.811 (D 1.000) GAC D 0.463 (D 0.726) GAC D 0.621 (D 0.710) GAC D 0.905 (D 1.000) GAT D 0.939 (D 0.997) GAT D 0.987 (D 1.000) GAT D 0.981 (D 1.000) GAT D 0.998 (D 1.000) GAT D 0.942 (D 1.000) GAT D 0.950 (D 1.000)
  14      1   GAC (D) GCC (A) GCT (A) GCT (A) GCC (A) GCT (A) GCT (A) TCA (S) TCT (S) TCA (S) AGT (S) TCT (S) GCG (A) GGG (G) GCA (A) TCT (S) TCG (S) TCT (S) TCC (S) CCG (P) :  GCT A 0.938 (A 0.987) GCT A 0.965 (A 0.979) TCT S 0.975 (S 0.989) TCT S 0.912 (S 0.994) TCG S 0.316 (S 0.950) TCT S 0.978 (S 0.996) TCT S 0.968 (S 0.997) TCT S 0.971 (S 0.984) TCT S 0.966 (S 0.997) TCT S 0.726 (S 0.988) TCT S 0.639 (S 0.994) TCT S 0.852 (S 0.999) GCT A 0.972 (A 0.992) GCT A 0.971 (A 1.000) GCT A 0.941 (A 1.000) GCC A 0.887 (A 0.998) GCT A 0.906 (A 0.991) GCT A 0.886 (A 0.990)
  15      1   GCT (A) GCT (A) GCT (A) GCT (A) GCT (A) GAT (D) GCA (A) AAC (N) GCT (A) GCT (A) GCT (A) GCT (A) GAG (E) CTA (L) TCC (S) GCG (A) CAT (H) GCT (A) CTG (L) CTC (L) :  GCT A 0.915 (A 0.932) GCT A 0.986 (A 0.992) GCT A 0.989 (A 0.995) GCT A 0.762 (A 0.827) CTC L 0.339 (L 0.711) GCT A 0.988 (A 0.995) GCT A 0.987 (A 0.995) GCT A 0.974 (A 0.984) GCT A 0.987 (A 0.995) GCT A 0.492 (A 0.675) GCT A 0.303 (A 0.487) GCT A 0.599 (A 0.722) GCT A 0.955 (A 0.982) GCT A 0.999 (A 0.999) GCT A 1.000 (A 1.000) GCT A 0.999 (A 1.000) GCT A 0.852 (A 0.875) GCT A 0.636 (A 0.674)
  16      1   ACT (T) ACT (T) ACT (T) ACT (T) ACT (T) ACT (T) ACG (T) ACT (T) ACT (T) ACT (T) ACT (T) ACT (T) CAG (Q) ACG (T) ACC (T) ACC (T) ACT (T) TCT (S) ACG (T) ACG (T) :  ACT T 0.981 (T 1.000) ACT T 0.996 (T 1.000) ACT T 0.998 (T 1.000) ACT T 0.905 (T 0.992) ACG T 0.841 (T 1.000) ACT T 0.999 (T 1.000) ACT T 0.995 (T 1.000) ACT T 0.991 (T 1.000) ACT T 0.995 (T 1.000) ACT T 0.649 (T 1.000) ACT T 0.553 (T 1.000) ACT T 0.995 (T 1.000) ACT T 0.974 (T 1.000) ACT T 1.000 (T 1.000) ACT T 1.000 (T 1.000) ACT T 1.000 (T 1.000) ACT T 0.974 (T 1.000) ACT T 0.943 (T 1.000)
  17      1   CCA (P) CCA (P) CCG (P) CCA (P) CCA (P) CCA (P) CCG (P) CCA (P) CCA (P) CCA (P) CCA (P) CCA (P) GCG (A) CCC (P) CCA (P) CCG (P) CCT (P) CCA (P) CCT (P) CCA (P) :  CCA P 0.983 (P 1.000) CCA P 0.994 (P 1.000) CCA P 0.999 (P 1.000) CCA P 0.973 (P 1.000) CCA P 0.829 (P 1.000) CCA P 0.999 (P 1.000) CCA P 0.999 (P 1.000) CCA P 0.992 (P 1.000) CCA P 0.999 (P 1.000) CCA P 0.910 (P 1.000) CCA P 0.405 (P 1.000) CCA P 0.995 (P 1.000) CCA P 0.938 (P 1.000) CCA P 0.926 (P 1.000) CCA P 0.987 (P 1.000) CCA P 0.998 (P 1.000) CCA P 0.976 (P 1.000) CCA P 0.945 (P 1.000)
  18      1   ATG (M) ATG (M) ATG (M) ATG (M) ATG (M) ATG (M) ATG (M) ATG (M) ATG (M) TTA (L) ATG (M) ATT (I) ATG (M) ATG (M) ATT (I) CTG (L) CTG (L) ATG (M) CTG (L) ATG (M) :  ATG M 1.000 (M 1.000) ATG M 1.000 (M 1.000) ATG M 1.000 (M 1.000) ATG M 1.000 (M 1.000) ATG M 0.995 (M 0.995) ATG M 1.000 (M 1.000) ATG M 0.990 (M 0.990) ATG M 0.986 (M 0.986) ATG M 0.983 (M 0.983) ATG M 0.871 (M 0.871) CTG L 0.784 (L 0.950) ATG M 1.000 (M 1.000) ATG M 1.000 (M 1.000) ATG M 1.000 (M 1.000) ATG M 1.000 (M 1.000) ATG M 1.000 (M 1.000) ATG M 1.000 (M 1.000) ATG M 1.000 (M 1.000)
  19      1   TTT (F) TTT (F) TTT (F) TTT (F) TTC (F) TTC (F) TTT (F) TTT (F) TTT (F) TTT (F) TTC (F) TTT (F) TTC (F) TTC (F) TTC (F) TTC (F) CTA (L) TTT (F) TTC (F) TTT (F) :  TTT F 0.725 (F 1.000) TTT F 0.940 (F 1.000) TTT F 0.954 (F 1.000) TTT F 0.956 (F 1.000) TTT F 0.830 (F 1.000) TTT F 0.955 (F 1.000) TTT F 0.929 (F 1.000) TTT F 0.873 (F 1.000) TTT F 0.929 (F 1.000) TTC F 0.524 (F 1.000) TTC F 0.679 (F 0.973) TTT F 0.992 (F 1.000) TTT F 0.966 (F 1.000) TTT F 1.000 (F 1.000) TTT F 1.000 (F 1.000) TTT F 1.000 (F 1.000) TTC F 0.510 (F 1.000) TTC F 0.640 (F 1.000)
  20      1   GAG (E) GAG (E) GAA (E) GAA (E) GAC (D) GAT (D) GAG (E) GAA (E) GAA (E) GAA (E) GCT (A) GAG (E) GAA (E) GAT (D) GAA (E) GAG (E) GGG (G) GAA (E) GAG (E) GAA (E) :  GAA E 0.851 (E 0.913) GAA E 0.959 (E 1.000) GAA E 0.970 (E 1.000) GAA E 0.964 (E 1.000) GAA E 0.834 (E 1.000) GAA E 0.970 (E 1.000) GAA E 0.947 (E 1.000) GAA E 0.668 (E 0.993) GAA E 0.947 (E 1.000) GAA E 0.864 (E 1.000) GAG E 0.717 (E 0.988) GAA E 0.994 (E 1.000) GAA E 0.925 (E 1.000) GAA E 0.945 (E 1.000) GAA E 0.916 (E 1.000) GAG E 0.894 (E 1.000) GAT D 0.617 (D 0.925) GAT D 0.750 (D 0.986)
  21      1   TAT (Y) TAT (Y) TAT (Y) TAC (Y) TAC (Y) TTG (L) TAC (Y) TTT (F) TTC (F) TTT (F) TTC (F) TTC (F) TTG (L) TCG (S) TTG (L) TTC (F) TTG (L) TTT (F) CTT (L) CTT (L) :  TTT F 0.588 (F 0.959) TTT F 0.648 (F 0.986) TTT F 0.662 (F 1.000) TTT F 0.879 (F 0.991) CTT L 0.941 (L 0.977) TTT F 0.638 (F 1.000) TTT F 0.585 (F 1.000) TTC F 0.779 (F 0.999) TTT F 0.585 (F 1.000) TTC F 0.412 (F 0.778) TTC F 0.541 (F 0.771) TTT F 0.624 (F 1.000) TAT Y 0.654 (Y 0.950) TAT Y 0.946 (Y 1.000) TAT Y 0.942 (Y 1.000) TAT Y 0.993 (Y 1.000) TTT F 0.529 (F 0.940) TTT F 0.336 (F 0.604)
  22      1   GAA (E) GAA (E) GAA (E) GAA (E) GAT (D) GAT (D) GAC (D) GAA (E) GAA (E) GAA (E) GAA (E) GAA (E) GAT (D) GAT (D) GAT (D) GAG (E) GAC (D) GAA (E) GAT (D) GAA (E) :  GAT D 0.772 (D 0.865) GAA E 0.928 (E 0.933) GAA E 0.998 (E 0.999) GAA E 0.988 (E 1.000) GAA E 0.942 (E 0.989) GAA E 0.999 (E 1.000) GAA E 0.997 (E 1.000) GAA E 0.995 (E 1.000) GAA E 0.997 (E 1.000) GAA E 0.569 (E 0.715) GAG E 0.381 (E 0.707) GAA E 0.997 (E 1.000) GAA E 0.921 (E 0.933) GAA E 1.000 (E 1.000) GAA E 1.000 (E 1.000) GAA E 1.000 (E 1.000) GAT D 0.918 (D 0.993) GAT D 0.936 (D 0.999)
  23      1   AAC (N) AAC (N) AAC (N) AAC (N) GAT (D) GAA (E) AAC (N) TCA (S) TCC (S) ACT (T) GCT (A) TCT (S) CCA (P) CCC (P) AAC (N) GGT (G) GGA (G) AAC (N) GCT (A) GCC (A) :  AAC N 0.335 (N 0.421) AAC N 0.426 (N 0.511) AAC N 0.290 (T 0.357) AAC N 0.317 (N 0.357) GCC A 0.595 (A 0.775) ACC T 0.400 (T 0.520) ACC T 0.314 (T 0.545) ACT T 0.306 (T 0.403) ACC T 0.314 (T 0.545) AAC N 0.166 (N 0.257) GGT G 0.254 (G 0.538) TCC S 0.652 (S 0.884) AAC N 0.655 (N 0.719) AAC N 0.997 (N 0.998) AAC N 0.999 (N 1.000) AAC N 0.999 (N 1.000) GAC D 0.254 (D 0.338) GAC D 0.257 (D 0.341)
  24      1   CTA (L) CTA (L) CTA (L) CTA (L) AAC (N) TCT (S) GTC (V) TTA (L) CTA (L) TTA (L) TTG (L) ACT (T) CCA (P) GCT (A) CAA (Q) CTC (L) GTC (V) TTG (L) GTC (V) GTT (V) :  TTA L 0.491 (L 0.656) TTA L 0.712 (L 0.901) TTA L 0.767 (L 0.936) TTA L 0.415 (L 0.788) GTT V 0.399 (V 0.819) TTA L 0.790 (L 0.952) TTA L 0.777 (L 0.944) TTA L 0.444 (L 0.696) TTA L 0.777 (L 0.944) CTA L 0.393 (L 0.782) CTC L 0.352 (L 0.581) TTA L 0.793 (L 0.985) TTA L 0.504 (L 0.883) CTA L 0.994 (L 0.999) CTA L 0.999 (L 1.000) CTA L 0.999 (L 1.000) TTA L 0.273 (L 0.399) TTT F 0.188 (S 0.335)
  25      1   GAA (E) GAA (E) GAA (E) GAA (E) CAA (Q) CTA (L) GAA (E) GAT (D) GAC (D) AAC (N) GAA (E) GAT (D) CAG (Q) TTG (L) GAT (D) GGC (G) GAC (D) GAA (E) GAG (E) GAA (E) :  CAA Q 0.901 (Q 0.919) GAA E 0.987 (E 0.998) GAA E 0.973 (E 0.989) GAA E 0.970 (E 1.000) GAA E 0.837 (E 1.000) GAT D 0.572 (D 0.968) GAT D 0.587 (D 0.992) GAT D 0.690 (D 0.984) GAT D 0.586 (D 0.992) GAT D 0.587 (D 0.998) GAC D 0.793 (D 0.984) GAT D 0.588 (D 0.999) GAA E 0.990 (E 1.000) GAA E 1.000 (E 1.000) GAA E 1.000 (E 1.000) GAA E 1.000 (E 1.000) CAA Q 0.962 (Q 0.986) CTA L 0.834 (L 0.896)
  26      1   AAC (N) AAC (N) AAT (N) AAT (N) AAT (N) GAT (D) AAC (N) GAT (D) GAT (D) GAT (D) AAT (N) AAG (K) CAT (H) GAA (E) GGT (G) GAC (D) AAT (N) GAC (D) GAC (D) GAC (D) :  GAT D 0.933 (D 0.953) GAT D 0.934 (D 0.953) GAT D 0.978 (D 0.998) GAC D 0.700 (D 1.000) GAC D 0.945 (D 1.000) GAT D 0.989 (D 0.998) GAT D 0.990 (D 0.997) AAT N 0.922 (N 0.946) GAT D 0.990 (D 0.997) GAT D 0.943 (D 0.990) GAT D 0.751 (D 0.980) GAT D 0.996 (D 1.000) AAT N 0.872 (N 0.924) AAT N 0.954 (N 1.000) AAT N 0.925 (N 1.000) AAC N 0.893 (N 1.000) GAT D 0.933 (D 0.953) GAT D 0.957 (D 0.989)
  27      1   TCT (S) TCT (S) TCT (S) TCT (S) CCA (P) CCA (P) CCT (P) CCA (P) CCA (P) GCT (A) CCA (P) TCT (S) CAG (Q) GAA (E) GTG (V) CCT (P) CAC (H) CCA (P) CCA (P) CCT (P) :  CCA P 0.846 (P 0.983) CCA P 0.799 (P 0.988) CCA P 0.811 (P 0.992) CCA P 0.832 (P 0.988) CCA P 0.601 (P 0.985) CCA P 0.805 (P 0.992) CCA P 0.669 (P 0.982) CCA P 0.603 (P 0.947) CCA P 0.667 (P 0.982) CCA P 0.378 (P 0.895) CCT P 0.442 (P 0.883) CCA P 0.973 (P 0.996) CCT P 0.556 (P 0.925) TCT S 0.996 (S 0.998) TCT S 0.999 (S 1.000) TCT S 1.000 (S 1.000) CCA P 0.892 (P 0.980) CCA P 0.892 (P 0.962)
  28      1   AAA (K) AAA (K) AAA (K) AAG (K) GAA (E) AAC (N) GAG (E) AAG (K) AAA (K) TCA (S) AAA (K) TCT (S) GAA (E) TCC (S) GAA (E) AAG (K) AAG (K) AAG (K) CAA (Q) CAA (Q) :  AAA K 0.831 (K 0.895) AAA K 0.918 (K 0.977) AAA K 0.925 (K 0.987) AAA K 0.686 (K 0.891) CAA Q 0.833 (Q 0.874) AAA K 0.928 (K 0.987) AAA K 0.902 (K 0.951) AAA K 0.714 (K 0.756) AAA K 0.901 (K 0.950) AAA K 0.697 (K 0.809) AAG K 0.612 (K 0.855) AAA K 0.784 (K 0.983) AAA K 0.880 (K 0.951) AAA K 0.983 (K 0.999) AAA K 0.978 (K 1.000) AAA K 0.997 (K 1.000) AAA K 0.739 (K 0.802) AAA K 0.456 (K 0.522)
  29      1   GAA (E) GAA (E) GAA (E) GAA (E) AAC (N) ACC (T) AAG (K) AAT (N) CAA (Q) TCA (S) AAT (N) GAA (E) ACA (T) AAA (K) ACT (T) ACC (T) GAG (E) AGT (S) GGA (G) GGC (G) :  AAA K 0.632 (K 0.667) AAA K 0.721 (K 0.742) AAA K 0.714 (K 0.729) AGA R 0.282 (R 0.313) GGA G 0.358 (G 0.789) AAA K 0.722 (K 0.734) AAA K 0.691 (K 0.704) AAA K 0.620 (K 0.642) AAA K 0.687 (K 0.700) AAA K 0.264 (K 0.327) AAG K 0.122 (T 0.242) AAA K 0.621 (K 0.643) AAA K 0.641 (K 0.684) GAA E 0.993 (E 0.993) GAA E 0.999 (E 0.999) GAA E 0.999 (E 0.999) AAA K 0.529 (K 0.572) AAA K 0.425 (K 0.474)
  30      1   TGG (W) TGG (W) TGG (W) TGG (W) TGG (W) TGG (W) TGG (W) TGG (W) TGG (W) TGG (W) TGG (W) TGG (W) TGG (W) TGG (W) TGG (W) TGG (W) TGG (W) TGG (W) TGG (W) TGG (W) :  TGG W 1.000 (W 1.000) TGG W 1.000 (W 1.000) TGG W 1.000 (W 1.000) TGG W 1.000 (W 1.000) TGG W 1.000 (W 1.000) TGG W 1.000 (W 1.000) TGG W 1.000 (W 1.000) TGG W 1.000 (W 1.000) TGG W 1.000 (W 1.000) TGG W 1.000 (W 1.000) TGG W 1.000 (W 1.000) TGG W 1.000 (W 1.000) TGG W 1.000 (W 1.000) TGG W 1.000 (W 1.000) TGG W 1.000 (W 1.000) TGG W 1.000 (W 1.000) TGG W 1.000 (W 1.000) TGG W 1.000 (W 1.000)
  31      1   ACA (T) ACT (T) ACT (T) ACC (T) ACT (T) ACC (T) ACG (T) ACT (T) ACT (T) ACT (T) ACT (T) ACT (T) GAA (E) GGG (G) ACT (T) TCG (S) TCG (S) GGT (G) AAC (N) ACT (T) :  ACT T 0.919 (T 0.990) ACT T 0.985 (T 0.999) ACT T 0.995 (T 0.999) ACT T 0.777 (T 0.800) ACT T 0.689 (T 0.842) ACT T 0.998 (T 0.999) ACT T 0.998 (T 0.999) ACT T 0.987 (T 0.995) ACT T 0.998 (T 0.999) ACT T 0.844 (T 0.949) TCG S 0.591 (S 0.877) ACT T 0.992 (T 0.997) ACT T 0.954 (T 0.995) ACT T 0.975 (T 1.000) ACT T 0.953 (T 1.000) ACT T 0.945 (T 1.000) ACT T 0.858 (T 0.984) ACT T 0.658 (T 0.962)
  32      1   TCC (S) TCT (S) TCT (S) TCT (S) TCT (S) TCT (S) TCG (S) TCT (S) TCC (S) TCC (S) CCT (P) TCT (S) CCT (P) TCT (S) TCG (S) TCG (S) TCT (S) TCT (S) TCG (S) TCT (S) :  TCT S 0.989 (S 1.000) TCT S 0.995 (S 1.000) TCT S 0.995 (S 1.000) TCT S 0.971 (S 1.000) TCT S 0.827 (S 1.000) TCT S 0.990 (S 1.000) TCT S 0.978 (S 1.000) TCT S 0.979 (S 0.994) TCT S 0.977 (S 1.000) TCT S 0.598 (S 1.000) TCT S 0.506 (S 1.000) TCT S 0.876 (S 1.000) TCT S 0.973 (S 1.000) TCT S 0.998 (S 1.000) TCT S 0.998 (S 1.000) TCT S 0.966 (S 1.000) TCT S 0.986 (S 1.000) TCT S 0.974 (S 1.000)
  33      1   TTG (L) TTG (L) TTG (L) TTG (L) TTG (L) TTG (L) CTG (L) TTA (L) TTA (L) TTG (L) TTA (L) TTG (L) CTG (L) CTC (L) TTG (L) CTC (L) TTG (L) TTG (L) CTC (L) CTT (L) :  TTG L 0.978 (L 1.000) TTG L 0.991 (L 1.000) TTG L 0.989 (L 1.000) TTG L 0.852 (L 1.000) CTT L 0.415 (L 1.000) TTG L 0.982 (L 1.000) TTG L 0.984 (L 1.000) TTG L 0.916 (L 1.000) TTG L 0.984 (L 1.000) TTG L 0.938 (L 1.000) TTG L 0.636 (L 1.000) TTA L 0.881 (L 1.000) TTG L 0.974 (L 1.000) TTG L 1.000 (L 1.000) TTG L 1.000 (L 1.000) TTG L 1.000 (L 1.000) TTG L 0.968 (L 1.000) TTG L 0.921 (L 1.000)
  34      1   TTT (F) TTC (F) TTT (F) TTC (F) TTT (F) TTC (F) TTC (F) TTC (F) TTT (F) TTC (F) TTT (F) TTC (F) TTT (F) TTT (F) TTT (F) TTT (F) TTT (F) TTC (F) TTC (F) TTT (F) :  TTC F 0.709 (F 1.000) TTC F 0.734 (F 1.000) TTC F 0.740 (F 1.000) TTC F 0.807 (F 1.000) TTC F 0.603 (F 1.000) TTC F 0.731 (F 1.000) TTC F 0.711 (F 1.000) TTC F 0.689 (F 1.000) TTC F 0.711 (F 1.000) TTT F 0.711 (F 1.000) TTT F 0.895 (F 1.000) TTC F 0.694 (F 1.000) TTC F 0.733 (F 1.000) TTC F 0.625 (F 1.000) TTC F 0.679 (F 1.000) TTC F 0.668 (F 1.000) TTC F 0.684 (F 1.000) TTC F 0.700 (F 1.000)
  35      1   GAC (D) GAC (D) GAT (D) GAC (D) GAC (D) GAT (D) GAC (D) GAA (E) GAT (D) GAT (D) GAT (D) GAT (D) GGT (G) GAC (D) GAC (D) GAT (D) GAC (D) GAC (D) GAC (D) GAA (E) :  GAC D 0.554 (D 1.000) GAC D 0.553 (D 1.000) GAC D 0.512 (D 1.000) GAC D 0.786 (D 1.000) GAC D 0.815 (D 0.968) GAT D 0.621 (D 1.000) GAT D 0.695 (D 1.000) GAT D 0.883 (D 1.000) GAT D 0.695 (D 1.000) GAC D 0.505 (D 1.000) GAT D 0.516 (D 1.000) GAT D 0.778 (D 0.981) GAC D 0.668 (D 1.000) GAC D 0.759 (D 1.000) GAC D 0.958 (D 1.000) GAC D 0.995 (D 1.000) GAC D 0.558 (D 1.000) GAC D 0.509 (D 1.000)
  36      1   AAT (N) AAT (N) AAC (N) AAC (N) GAT (D) GAT (D) AAT (N) AAT (N) AAC (N) AAT (N) AAC (N) AAC (N) ACT (T) GAT (D) AAT (N) GAC (D) GAC (D) AAC (N) GAT (D) GAT (D) :  AAT N 0.673 (N 0.909) AAT N 0.668 (N 1.000) AAT N 0.642 (N 1.000) AAT N 0.553 (N 0.992) GAT D 0.912 (D 0.985) AAT N 0.629 (N 1.000) AAT N 0.601 (N 1.000) AAC N 0.773 (N 1.000) AAT N 0.602 (N 1.000) AAT N 0.589 (N 0.987) GAC D 0.778 (D 0.963) AAT N 0.618 (N 1.000) AAT N 0.621 (N 1.000) AAC N 0.687 (N 1.000) AAC N 0.668 (N 1.000) AAT N 0.923 (N 1.000) GAT D 0.778 (D 0.947) GAT D 0.855 (D 0.989)
  37      1   GAC (D) GAT (D) GAC (D) GAC (D) GAT (D) GAC (D) GAC (D) GAT (D) GAT (D) GAT (D) GAC (D) GAT (D) GGT (G) GAG (E) GAT (D) GAC (D) GAT (D) GAC (D) GAC (D) GAC (D) :  GAC D 0.653 (D 1.000) GAC D 0.658 (D 1.000) GAC D 0.598 (D 1.000) GAC D 0.872 (D 1.000) GAC D 0.970 (D 1.000) GAT D 0.631 (D 1.000) GAT D 0.700 (D 1.000) GAT D 0.680 (D 1.000) GAT D 0.701 (D 1.000) GAT D 0.767 (D 1.000) GAT D 0.649 (D 1.000) GAT D 0.954 (D 1.000) GAC D 0.826 (D 1.000) GAC D 0.992 (D 1.000) GAC D 0.992 (D 1.000) GAC D 0.961 (D 1.000) GAC D 0.650 (D 1.000) GAC D 0.701 (D 0.997)
  38      1   ATT (I) ATT (I) ATT (I) ATC (I) GTC (V) ATC (I) ATC (I) CTA (L) ATC (I) ATT (I) ATT (I) ATC (I) GAG (E) ATT (I) ATC (I) ATA (I) ATA (I) ATC (I) ATT (I) ATT (I) :  ATC I 0.829 (I 0.996) ATC I 0.821 (I 1.000) ATC I 0.827 (I 1.000) ATC I 0.788 (I 1.000) ATT I 0.867 (I 1.000) ATC I 0.827 (I 1.000) ATC I 0.806 (I 1.000) ATC I 0.767 (I 1.000) ATC I 0.805 (I 1.000) ATC I 0.777 (I 1.000) ATA I 0.784 (I 1.000) ATC I 0.784 (I 0.993) ATC I 0.704 (I 1.000) ATT I 0.885 (I 1.000) ATT I 0.883 (I 1.000) ATT I 0.986 (I 1.000) ATC I 0.847 (I 0.996) ATC I 0.842 (I 0.999)
  39      1   CCA (P) CCC (P) CCA (P) CCT (P) GAG (E) CCA (P) CCC (P) CCA (P) CCA (P) CCT (P) GCT (A) CCT (P) GAT (D) CCT (P) CCA (P) CCG (P) CCC (P) CCC (P) GCA (A) GCT (A) :  CCA P 0.704 (P 0.996) CCA P 0.719 (P 1.000) CCA P 0.700 (P 1.000) CCA P 0.409 (P 0.995) GCT A 0.439 (A 0.991) CCA P 0.697 (P 1.000) CCA P 0.542 (P 1.000) CCT P 0.780 (P 0.997) CCA P 0.542 (P 1.000) CCA P 0.597 (P 1.000) CCG P 0.330 (P 1.000) CCA P 0.965 (P 1.000) CCA P 0.725 (P 1.000) CCA P 0.862 (P 1.000) CCA P 0.835 (P 1.000) CCA P 0.836 (P 1.000) CCA P 0.707 (P 0.995) CCA P 0.717 (P 0.999)
  40      1   GTT (V) GTT (V) GTT (V) GTC (V) ATT (I) GTC (V) GTC (V) ATC (I) ATC (I) GTC (V) GTT (V) GTT (V) GCA (A) ATT (I) GTC (V) GTG (V) GTG (V) GTC (V) GTT (V) GTT (V) :  GTC V 0.680 (V 0.995) GTC V 0.705 (V 1.000) GTC V 0.741 (V 1.000) GTC V 0.721 (V 1.000) GTT V 0.865 (V 1.000) GTC V 0.758 (V 1.000) GTC V 0.741 (V 1.000) GTT V 0.697 (V 1.000) GTC V 0.742 (V 1.000) GTC V 0.728 (V 1.000) GTG V 0.674 (V 1.000) ATC I 0.957 (I 0.990) GTC V 0.601 (V 1.000) GTT V 0.902 (V 1.000) GTT V 0.899 (V 1.000) GTT V 0.988 (V 1.000) GTC V 0.626 (V 0.947) GTC V 0.640 (V 0.945)
