Supplemental results for CODEML (seqf: ../../gcn4_ygob_nt_muscle.phy  treef: ./tree_unrooted_pos_selection.nwk)


TREE #  1


dN/dS (w) for site classes (K=4)

site class             0        1       2a       2b
proportion       0.64602  0.31972  0.02291  0.01134
background w     0.08022  1.00000  0.08022  1.00000
foreground w     0.08022  1.00000  1.74502  1.74502

Naive Empirical Bayes (NEB) probabilities for 4 classes
(amino acids refer to 1st sequence: YEL009C)

   1 P   0.00000 0.96116 0.00000 0.03884 ( 2)
   2 S   0.00000 0.96687 0.00000 0.03313 ( 2)
   3 L   0.00135 0.95201 0.00328 0.04335 ( 2)
   4 F   0.99476 0.00000 0.00524 0.00000 ( 1)
   5 E   0.00014 0.96319 0.00004 0.03663 ( 2)
   6 D   0.00000 0.97076 0.00000 0.02924 ( 2)
   7 P   0.00007 0.97132 0.00000 0.02861 ( 2)
   8 I   0.00000 0.96108 0.00000 0.03892 ( 2)
   9 I   0.00000 0.97709 0.00000 0.02291 ( 2)
  10 K   0.00000 0.96545 0.00000 0.03455 ( 2)
  11 E   0.88768 0.10165 0.00839 0.00228 ( 1)
  12 L   0.00548 0.96192 0.00011 0.03248 ( 2)
  13 D   0.31961 0.00031 0.68007 0.00001 ( 3)
  14 D   0.92017 0.07004 0.00818 0.00161 ( 1)
  15 A   0.00022 0.94264 0.00139 0.05575 ( 2)
  16 T   0.99247 0.00000 0.00753 0.00000 ( 1)
  17 P   0.99231 0.00000 0.00769 0.00000 ( 1)
  18 M   0.98324 0.00000 0.01676 0.00000 ( 1)
  19 F   0.85094 0.00000 0.14906 0.00000 ( 1)
  20 E   0.86821 0.00000 0.13179 0.00000 ( 1)
  21 Y   0.88343 0.01697 0.09914 0.00046 ( 1)
  22 E   0.92043 0.00000 0.07957 0.00000 ( 1)
  23 N   0.00000 0.97045 0.00000 0.02955 ( 2)
  24 L   0.00000 0.96600 0.00000 0.03400 ( 2)
  25 E   0.99033 0.00261 0.00699 0.00006 ( 1)
  26 N   0.89367 0.00242 0.10384 0.00007 ( 1)
  27 S   0.10825 0.83470 0.02556 0.03148 ( 2)
  28 K   0.00040 0.97990 0.00000 0.01970 ( 2)
  29 E   0.00000 0.95903 0.00000 0.04097 ( 2)
  30 W   0.99347 0.00000 0.00653 0.00000 ( 1)
  31 T   0.65060 0.33228 0.00847 0.00865 ( 1)
  32 S   0.99211 0.00000 0.00789 0.00000 ( 1)
  33 L   0.99003 0.00000 0.00997 0.00000 ( 1)
  34 F   0.99467 0.00000 0.00533 0.00000 ( 1)
  35 D   0.99431 0.00000 0.00569 0.00000 ( 1)
  36 N   0.99145 0.00000 0.00855 0.00000 ( 1)
  37 D   0.99453 0.00000 0.00547 0.00000 ( 1)
  38 I   0.99411 0.00000 0.00589 0.00000 ( 1)
  39 P   0.99033 0.00199 0.00763 0.00004 ( 1)
  40 V   0.99241 0.00000 0.00758 0.00000 ( 1)
  41 T   0.06510 0.91451 0.00050 0.01988 ( 2)
  42 T   0.00001 0.96922 0.00000 0.03076 ( 2)
  43 D   0.00162 0.97782 0.00001 0.02054 ( 2)
  44 D   0.99442 0.00000 0.00558 0.00000 ( 1)
  45 V   0.99221 0.00000 0.00779 0.00000 ( 1)
  46 I   0.00116 0.97638 0.00001 0.02244 ( 2)
  47 E   0.18387 0.03438 0.77994 0.00181 ( 3)
  48 S   0.00000 0.94529 0.00000 0.05471 ( 2)
  49 T   0.00117 0.96632 0.00018 0.03233 ( 2)
  50 E   0.00000 0.96577 0.00000 0.03423 ( 2)
  51 E   0.00005 0.96947 0.00001 0.03048 ( 2)
  52 V   0.00000 0.96792 0.00000 0.03208 ( 2)
  53 S   0.00000 0.96530 0.00000 0.03470 ( 2)
  54 T   0.00000 0.96805 0.00000 0.03195 ( 2)
  55 T   0.00000 0.97500 0.00000 0.02500 ( 2)
  56 S   0.33217 0.55911 0.08605 0.02266 ( 2)
  57 F   0.99464 0.00000 0.00536 0.00000 ( 1)
  58 L   0.99058 0.00000 0.00942 0.00000 ( 1)
  59 P   0.99231 0.00000 0.00769 0.00000 ( 1)
  60 T   0.99247 0.00000 0.00753 0.00000 ( 1)
  61 P   0.99232 0.00000 0.00768 0.00000 ( 1)
  62 V   0.01679 0.95760 0.00030 0.02531 ( 2)
  63 L   0.99062 0.00312 0.00620 0.00006 ( 1)
  64 E   0.99308 0.00000 0.00692 0.00000 ( 1)
  65 D   0.89900 0.00035 0.10064 0.00001 ( 1)
  66 A   0.06582 0.58475 0.31851 0.03093 ( 2)
  67 K   0.00142 0.96984 0.00026 0.02848 ( 2)
  68 L   0.96060 0.01894 0.01984 0.00062 ( 1)
  69 T   0.00000 0.96948 0.00000 0.03052 ( 2)
  70 Q   0.00000 0.95094 0.00000 0.04906 ( 2)
  71 T   0.00000 0.95142 0.00000 0.04858 ( 2)
  72 D   0.00000 0.95406 0.00000 0.04594 ( 2)
  73 D   0.00000 0.95299 0.00000 0.04701 ( 2)
  74 E   0.00000 0.97633 0.00000 0.02367 ( 2)
  75 S   0.00000 0.96609 0.00000 0.03391 ( 2)
  76 R   0.99384 0.00000 0.00616 0.00000 ( 1)
  77 L   0.00074 0.97634 0.00001 0.02291 ( 2)
  78 D   0.99474 0.00000 0.00526 0.00000 ( 1)
  79 H   0.99478 0.00000 0.00522 0.00000 ( 1)
  80 L   0.98941 0.00000 0.01059 0.00000 ( 1)
  81 G   0.99242 0.00000 0.00758 0.00000 ( 1)
  82 V   0.99248 0.00000 0.00752 0.00000 ( 1)
  83 V   0.99334 0.00000 0.00666 0.00000 ( 1)
  84 A   0.00031 0.95850 0.00011 0.04108 ( 2)
  85 Y   0.99281 0.00000 0.00719 0.00000 ( 1)
  86 N   0.99415 0.00000 0.00585 0.00000 ( 1)
  87 R   0.99230 0.00000 0.00770 0.00000 ( 1)
  88 K   0.99400 0.00000 0.00600 0.00000 ( 1)
  89 Q   0.00003 0.98035 0.00000 0.01962 ( 2)
  90 R   0.99243 0.00000 0.00757 0.00000 ( 1)
  91 S   0.04200 0.93643 0.00032 0.02125 ( 2)
  92 I   0.00213 0.95769 0.00065 0.03953 ( 2)
  93 P   0.84674 0.00000 0.15326 0.00000 ( 1)
  94 L   0.99123 0.00000 0.00877 0.00000 ( 1)
  95 S   0.99245 0.00000 0.00755 0.00000 ( 1)
  96 P   0.99238 0.00000 0.00762 0.00000 ( 1)
  97 I   0.99247 0.00000 0.00753 0.00000 ( 1)
  98 V   0.96761 0.01967 0.01225 0.00047 ( 1)
  99 P   0.99049 0.00186 0.00760 0.00004 ( 1)
 100 E   0.99371 0.00000 0.00629 0.00000 ( 1)
 101 S   0.99225 0.00011 0.00765 0.00000 ( 1)
 102 S   0.99477 0.00005 0.00519 0.00000 ( 1)
 103 D   0.99487 0.00000 0.00513 0.00000 ( 1)
 104 P   0.99219 0.00000 0.00781 0.00000 ( 1)
 105 A   0.99080 0.00155 0.00762 0.00003 ( 1)
 106 A   0.99242 0.00001 0.00757 0.00000 ( 1)
 107 L   0.98888 0.00045 0.01066 0.00001 ( 1)
 108 K   0.99397 0.00000 0.00603 0.00000 ( 1)
 109 R   0.99231 0.00000 0.00769 0.00000 ( 1)
 110 A   0.99244 0.00000 0.00756 0.00000 ( 1)
 111 R   0.99124 0.00001 0.00875 0.00000 ( 1)
 112 N   0.99467 0.00000 0.00533 0.00000 ( 1)
 113 T   0.99241 0.00000 0.00759 0.00000 ( 1)
 114 E   0.99389 0.00000 0.00611 0.00000 ( 1)
 115 A   0.99243 0.00000 0.00757 0.00000 ( 1)
 116 A   0.99235 0.00000 0.00765 0.00000 ( 1)
 117 R   0.99257 0.00000 0.00743 0.00000 ( 1)
 118 R   0.99220 0.00000 0.00780 0.00000 ( 1)
 119 S   0.99097 0.00000 0.00903 0.00000 ( 1)
 120 R   0.99046 0.00000 0.00954 0.00000 ( 1)
 121 A   0.99243 0.00000 0.00757 0.00000 ( 1)
 122 R   0.99189 0.00000 0.00811 0.00000 ( 1)
 123 K   0.99397 0.00000 0.00603 0.00000 ( 1)
 124 L   0.99207 0.00000 0.00792 0.00000 ( 1)
 125 Q   0.99012 0.00000 0.00988 0.00000 ( 1)
 126 R   0.98565 0.00000 0.01435 0.00000 ( 1)
 127 M   0.99632 0.00000 0.00368 0.00000 ( 1)
 128 K   0.99485 0.00000 0.00515 0.00000 ( 1)
 129 Q   0.99289 0.00000 0.00711 0.00000 ( 1)
 130 L   0.98770 0.00000 0.01230 0.00000 ( 1)
 131 E   0.99370 0.00000 0.00630 0.00000 ( 1)
 132 D   0.94015 0.04838 0.01038 0.00110 ( 1)
 133 K   0.99002 0.00000 0.00998 0.00000 ( 1)
 134 V   0.99247 0.00000 0.00753 0.00000 ( 1)
 135 E   0.99356 0.00000 0.00644 0.00000 ( 1)
 136 E   0.98379 0.00805 0.00798 0.00018 ( 1)
 137 L   0.98870 0.00000 0.01130 0.00000 ( 1)
 138 L   0.99122 0.00000 0.00877 0.00000 ( 1)
 139 S   0.00001 0.97746 0.00000 0.02254 ( 2)
 140 K   0.98855 0.00100 0.01042 0.00002 ( 1)
 141 N   0.99447 0.00000 0.00553 0.00000 ( 1)
 142 Y   0.00001 0.94524 0.00008 0.05467 ( 2)
 143 H   0.76112 0.11097 0.12428 0.00363 ( 1)
 144 L   0.99032 0.00000 0.00968 0.00000 ( 1)
 145 E   0.99370 0.00000 0.00630 0.00000 ( 1)
 146 N   0.00081 0.97368 0.00001 0.02550 ( 2)
 147 E   0.99390 0.00000 0.00610 0.00000 ( 1)
 148 V   0.99247 0.00000 0.00753 0.00000 ( 1)
 149 A   0.00000 0.96362 0.00000 0.03638 ( 2)
 150 R   0.99257 0.00000 0.00743 0.00000 ( 1)
 151 L   0.99112 0.00000 0.00888 0.00000 ( 1)
 152 K   0.36160 0.57878 0.04410 0.01552 ( 2)
 153 K   0.00000 0.94810 0.00000 0.05190 ( 2)
 154 L   0.98993 0.00003 0.01004 0.00000 ( 1)
 155 V   0.98649 0.00000 0.01350 0.00000 ( 1)
 156 G   0.00000 0.95538 0.00000 0.04462 ( 2)
 157 E   0.00000 0.97419 0.00000 0.02581 ( 2)
 158 R   0.00000 0.96926 0.00000 0.03074 ( 2)


lnL = -7438.505900

Bayes Empirical Bayes (BEB) probabilities for 4 classes (class)
(amino acids refer to 1st sequence: YEL009C)

   1 P   0.00000 0.95012 0.00000 0.04988 ( 2)
   2 S   0.00000 0.95991 0.00000 0.04009 ( 2)
   3 L   0.00003 0.94578 0.00027 0.05392 ( 2)
   4 F   0.99613 0.00002 0.00385 0.00000 ( 1)
   5 E   0.00000 0.95520 0.00000 0.04480 ( 2)
   6 D   0.00000 0.97011 0.00000 0.02989 ( 2)
   7 P   0.00000 0.96882 0.00000 0.03118 ( 2)
   8 I   0.00000 0.94789 0.00000 0.05211 ( 2)
   9 I   0.00000 0.98067 0.00000 0.01933 ( 2)
  10 K   0.00000 0.95986 0.00000 0.04014 ( 2)
  11 E   0.20578 0.77782 0.00151 0.01489 ( 2)
  12 L   0.00032 0.96131 0.00001 0.03836 ( 2)
  13 D   0.14431 0.00236 0.85322 0.00011 ( 3)
  14 D   0.48828 0.49722 0.00364 0.01087 ( 2)
  15 A   0.00000 0.90222 0.00007 0.09771 ( 2)
  16 T   0.99426 0.00000 0.00574 0.00000 ( 1)
  17 P   0.99339 0.00000 0.00661 0.00000 ( 1)
  18 M   0.98535 0.00000 0.01465 0.00000 ( 1)
  19 F   0.74936 0.00000 0.25064 0.00000 ( 1)
  20 E   0.83107 0.00000 0.16893 0.00000 ( 1)
  21 Y   0.65294 0.24548 0.09587 0.00570 ( 1)
  22 E   0.89823 0.00001 0.10176 0.00000 ( 1)
  23 N   0.00000 0.96483 0.00000 0.03517 ( 2)
  24 L   0.00000 0.96069 0.00000 0.03931 ( 2)
  25 E   0.97393 0.02029 0.00535 0.00043 ( 1)
  26 N   0.82596 0.03991 0.13307 0.00106 ( 1)
  27 S   0.00346 0.94932 0.00156 0.04565 ( 2)
  28 K   0.00000 0.98444 0.00000 0.01555 ( 2)
  29 E   0.00000 0.94412 0.00000 0.05588 ( 2)
  30 W   0.99566 0.00000 0.00434 0.00000 ( 1)
  31 T   0.07593 0.90143 0.00084 0.02180 ( 2)
  32 S   0.99375 0.00000 0.00625 0.00000 ( 1)
  33 L   0.99195 0.00000 0.00805 0.00000 ( 1)
  34 F   0.99603 0.00000 0.00397 0.00000 ( 1)
  35 D   0.99556 0.00000 0.00444 0.00000 ( 1)
  36 N   0.99309 0.00000 0.00691 0.00000 ( 1)
  37 D   0.99585 0.00000 0.00415 0.00000 ( 1)
  38 I   0.99542 0.00000 0.00458 0.00000 ( 1)
  39 P   0.97574 0.01764 0.00627 0.00036 ( 1)
  40 V   0.99407 0.00001 0.00593 0.00000 ( 1)
  41 T   0.00208 0.97870 0.00001 0.01921 ( 2)
  42 T   0.00000 0.96503 0.00000 0.03497 ( 2)
  43 D   0.00001 0.98310 0.00000 0.01688 ( 2)
  44 D   0.99570 0.00000 0.00430 0.00000 ( 1)
  45 V   0.99298 0.00001 0.00702 0.00000 ( 1)
  46 I   0.00001 0.97957 0.00000 0.02042 ( 2)
  47 E   0.05003 0.19590 0.74040 0.01367 ( 3)
  48 S   0.00000 0.89859 0.00000 0.10141 ( 2)
  49 T   0.00001 0.96732 0.00000 0.03266 ( 2)
  50 E   0.00000 0.96000 0.00000 0.04000 ( 2)
  51 E   0.00000 0.96907 0.00000 0.03093 ( 2)
  52 V   0.00000 0.96525 0.00000 0.03475 ( 2)
  53 S   0.00000 0.95858 0.00000 0.04142 ( 2)
  54 T   0.00000 0.96504 0.00000 0.03496 ( 2)
  55 T   0.00000 0.97591 0.00000 0.02409 ( 2)
  56 S   0.02261 0.92006 0.01088 0.04645 ( 2)
  57 F   0.99599 0.00000 0.00401 0.00000 ( 1)
  58 L   0.99284 0.00000 0.00716 0.00000 ( 1)
  59 P   0.99340 0.00000 0.00660 0.00000 ( 1)
  60 T   0.99425 0.00000 0.00575 0.00000 ( 1)
  61 P   0.99347 0.00000 0.00653 0.00000 ( 1)
  62 V   0.00029 0.97353 0.00001 0.02618 ( 2)
  63 L   0.95595 0.03902 0.00439 0.00065 ( 1)
  64 E   0.99461 0.00000 0.00539 0.00000 ( 1)
  65 D   0.86783 0.00428 0.12779 0.00011 ( 1)
  66 A   0.00266 0.86677 0.05717 0.07339 ( 2)
  67 K   0.00002 0.96945 0.00001 0.03052 ( 2)
  68 L   0.89151 0.08386 0.02125 0.00338 ( 1)
  69 T   0.00000 0.96706 0.00000 0.03294 ( 2)
  70 Q   0.00000 0.92653 0.00000 0.07347 ( 2)
  71 T   0.00000 0.92425 0.00000 0.07575 ( 2)
  72 D   0.00000 0.93093 0.00000 0.06907 ( 2)
  73 D   0.00000 0.93107 0.00000 0.06893 ( 2)
  74 E   0.00000 0.97709 0.00000 0.02291 ( 2)
  75 S   0.00000 0.96161 0.00000 0.03839 ( 2)
  76 R   0.99563 0.00000 0.00437 0.00000 ( 1)
  77 L   0.00001 0.98028 0.00000 0.01970 ( 2)
  78 D   0.99612 0.00000 0.00388 0.00000 ( 1)
  79 H   0.99620 0.00000 0.00379 0.00000 ( 1)
  80 L   0.99137 0.00000 0.00863 0.00000 ( 1)
  81 G   0.99403 0.00000 0.00597 0.00000 ( 1)
  82 V   0.99430 0.00000 0.00570 0.00000 ( 1)
  83 V   0.99474 0.00000 0.00526 0.00000 ( 1)
  84 A   0.00000 0.94188 0.00000 0.05811 ( 2)
  85 Y   0.99497 0.00000 0.00503 0.00000 ( 1)
  86 N   0.99534 0.00000 0.00466 0.00000 ( 1)
  87 R   0.99415 0.00000 0.00585 0.00000 ( 1)
  88 K   0.99585 0.00000 0.00415 0.00000 ( 1)
  89 Q   0.00000 0.98511 0.00000 0.01489 ( 2)
  90 R   0.99441 0.00000 0.00559 0.00000 ( 1)
  91 S   0.00116 0.97709 0.00001 0.02174 ( 2)
  92 I   0.00004 0.94792 0.00002 0.05202 ( 2)
  93 P   0.78521 0.00000 0.21479 0.00000 ( 1)
  94 L   0.99381 0.00000 0.00619 0.00000 ( 1)
  95 S   0.99406 0.00000 0.00594 0.00000 ( 1)
  96 P   0.99383 0.00000 0.00617 0.00000 ( 1)
  97 I   0.99430 0.00000 0.00570 0.00000 ( 1)
  98 V   0.76666 0.22081 0.00789 0.00464 ( 1)
  99 P   0.97726 0.01631 0.00611 0.00032 ( 1)
 100 E   0.99543 0.00000 0.00457 0.00000 ( 1)
 101 S   0.99358 0.00058 0.00583 0.00001 ( 1)
 102 S   0.99589 0.00032 0.00379 0.00001 ( 1)
 103 D   0.99628 0.00000 0.00372 0.00000 ( 1)
 104 P   0.99391 0.00000 0.00609 0.00000 ( 1)
 105 A   0.98113 0.01265 0.00597 0.00025 ( 1)
 106 A   0.99408 0.00003 0.00589 0.00000 ( 1)
 107 L   0.98952 0.00229 0.00815 0.00004 ( 1)
 108 K   0.99580 0.00000 0.00420 0.00000 ( 1)
 109 R   0.99396 0.00000 0.00604 0.00000 ( 1)
 110 A   0.99406 0.00000 0.00594 0.00000 ( 1)
 111 R   0.99265 0.00001 0.00734 0.00000 ( 1)
 112 N   0.99602 0.00000 0.00398 0.00000 ( 1)
 113 T   0.99406 0.00000 0.00594 0.00000 ( 1)
 114 E   0.99566 0.00000 0.00434 0.00000 ( 1)
 115 A   0.99402 0.00000 0.00598 0.00000 ( 1)
 116 A   0.99414 0.00000 0.00586 0.00000 ( 1)
 117 R   0.99478 0.00000 0.00522 0.00000 ( 1)
 118 R   0.99399 0.00000 0.00601 0.00000 ( 1)
 119 S   0.99310 0.00000 0.00690 0.00000 ( 1)
 120 R   0.99068 0.00000 0.00932 0.00000 ( 1)
 121 A   0.99405 0.00000 0.00595 0.00000 ( 1)
 122 R   0.99364 0.00000 0.00636 0.00000 ( 1)
 123 K   0.99582 0.00000 0.00418 0.00000 ( 1)
 124 L   0.99381 0.00001 0.00618 0.00000 ( 1)
 125 Q   0.99112 0.00000 0.00888 0.00000 ( 1)
 126 R   0.98188 0.00000 0.01812 0.00000 ( 1)
 127 M   0.99736 0.00000 0.00264 0.00000 ( 1)
 128 K   0.99625 0.00000 0.00375 0.00000 ( 1)
 129 Q   0.99494 0.00000 0.00506 0.00000 ( 1)
 130 L   0.98923 0.00000 0.01077 0.00000 ( 1)
 131 E   0.99543 0.00000 0.00457 0.00000 ( 1)
 132 D   0.47651 0.50932 0.00421 0.00997 ( 2)
 133 K   0.99217 0.00000 0.00783 0.00000 ( 1)
 134 V   0.99424 0.00000 0.00576 0.00000 ( 1)
 135 E   0.99524 0.00000 0.00476 0.00000 ( 1)
 136 E   0.86239 0.12939 0.00557 0.00266 ( 1)
 137 L   0.99051 0.00000 0.00949 0.00000 ( 1)
 138 L   0.99251 0.00000 0.00749 0.00000 ( 1)
 139 S   0.00000 0.98091 0.00000 0.01909 ( 2)
 140 K   0.98403 0.00811 0.00771 0.00015 ( 1)
 141 N   0.99576 0.00000 0.00424 0.00000 ( 1)
 142 Y   0.00000 0.90283 0.00000 0.09716 ( 2)
 143 H   0.17625 0.75502 0.04361 0.02512 ( 2)
 144 L   0.99248 0.00000 0.00752 0.00000 ( 1)
 145 E   0.99543 0.00000 0.00457 0.00000 ( 1)
 146 N   0.00000 0.97507 0.00000 0.02493 ( 2)
 147 E   0.99569 0.00000 0.00431 0.00000 ( 1)
 148 V   0.99423 0.00000 0.00577 0.00000 ( 1)
 149 A   0.00000 0.95781 0.00000 0.04219 ( 2)
 150 R   0.99477 0.00001 0.00522 0.00000 ( 1)
 151 L   0.99368 0.00000 0.00632 0.00000 ( 1)
 152 K   0.01709 0.95682 0.00304 0.02306 ( 2)
 153 K   0.00000 0.90689 0.00000 0.09311 ( 2)
 154 L   0.99201 0.00004 0.00795 0.00000 ( 1)
 155 V   0.98786 0.00000 0.01213 0.00000 ( 1)
 156 G   0.00000 0.93278 0.00000 0.06722 ( 2)
 157 E   0.00000 0.97325 0.00000 0.02675 ( 2)
 158 R   0.00000 0.96222 0.00000 0.03778 ( 2)

Ancestral reconstruction by CODONML.

(ZYRO0D091: 4.970341, (((SAKL0F050: 0.645055, (Kwal_55.2: 0.576243, KLTH0F127: 0.900480): 0.869799): 0.448298, (((TPHA0L006: 0.815475, Kpol_487.: 0.679209): 0.252358, (((ADL012C: 1.078221, Ecym_4497: 1.013517): 0.823812, KLLA0D141: 1.317202): 0.298688, TBLA0A009: 1.059076): 0.000004): 0.109291, (NCAS0I001: 0.415589, NDAI0A086: 0.518121): 0.478984): 0.050641): 0.064649, (KNAG0L008: 1.511870, (Skud_5.91: 0.202580, (Suva_5.73: 0.268472, (YEL009C: 0.212035, Smik_5.10: 0.209011): 0.104362): 0.046261): 0.459824): 0.217257): 0.107643, (CAGL0L024: 1.428859, (TDEL0H029: 2.076618, KAFR0L005: 0.883238): 0.183189): 0.132201);

(13, (((18, (20, 19)), (((11, 12), (((16, 17), 15), 10)), (8, 9))), (7, (3, (4, (1, 2))))), (5, (14, 6)));

  21..13   21..22   22..23   23..24   24..18   24..25   25..20   25..19   23..26   26..27   27..28   28..11   28..12   27..29   29..30   30..31   31..16   31..17   30..15   29..10   26..32   32..8    32..9    22..33   33..7    33..34   34..3    34..35   35..4    35..36   36..1    36..2    21..37   37..5    37..38   38..14   38..6  

tree with node labels for Rod Page's TreeView
(13_ZYRO0D091, (((18_SAKL0F050, (20_Kwal_55.2, 19_KLTH0F127) 25 ) 24 , (((11_TPHA0L006, 12_Kpol_487.) 28 , (((16_ADL012C, 17_Ecym_4497) 31 , 15_KLLA0D141) 30 , 10_TBLA0A009) 29 ) 27 , (8_NCAS0I001, 9_NDAI0A086) 32 ) 26 ) 23 , (7_KNAG0L008, (3_Skud_5.91, (4_Suva_5.73, (1_YEL009C, 2_Smik_5.10) 36 ) 35 ) 34 ) 33 ) 22 , (5_CAGL0L024, (14_TDEL0H029, 6_KAFR0L005) 38 ) 37 ) 21 ;

Nodes 21 to 38 are ancestral

(1) Marginal reconstruction of ancestral sequences
(eqn. 4 in Yang et al. 1995 Genetics 141:1641-1650).

Prob of best state at each node, listed by site

   site   Freq   Data: 

   1      1   CCA (P) CCA (P) CGA (R) CCA (P) ATG (M) TAC (Y) CCA (P) CAA (Q) CTT (L) ATG (M) TCC (S) CCA (P) CAA (Q) ATG (M) ATG (M) ATT (I) GCA (A) CAG (Q) CCT (P) CCT (P) :  CCA P 0.318 (P 0.498) CCA P 0.470 (P 0.644) CCA P 0.460 (P 0.641) CCG P 0.283 (P 0.583) CCT P 0.763 (P 0.897) CCA P 0.451 (P 0.622) CCA P 0.398 (P 0.569) CCA P 0.513 (P 0.706) CCA P 0.398 (P 0.569) CCA P 0.163 (P 0.267) ACA T 0.136 (T 0.223) CTA L 0.366 (L 0.476) CCA P 0.663 (P 0.772) CCA P 0.913 (P 0.914) CCA P 0.989 (P 0.989) CCA P 0.998 (P 0.999) CCA P 0.181 (P 0.345) CCA P 0.095 (L 0.291)
   2      1   AGT (S) AGT (S) AGT (S) AGT (S) AAA (K) AAC (N) AGT (S) AGT (S) CTT (L) TCA (S) AAT (N) AAT (N) AGT (S) TCT (S) AAC (N) TCG (S) AGT (S) TCC (S) TCT (S) TCC (S) :  AAT N 0.479 (N 0.530) AAT N 0.466 (N 0.487) AAT N 0.463 (N 0.484) TCT S 0.255 (S 0.530) TCC S 0.487 (S 0.876) AAT N 0.481 (N 0.496) AAT N 0.563 (N 0.581) AAT N 0.804 (N 0.818) AAT N 0.563 (N 0.581) AAT N 0.440 (N 0.513) AGT S 0.235 (S 0.307) AGT S 0.511 (S 0.515) AGT S 0.670 (S 0.688) AGT S 0.997 (S 0.997) AGT S 0.999 (S 0.999) AGT S 0.999 (S 1.000) AAT N 0.490 (N 0.585) AAT N 0.441 (N 0.594)
   3      1   TTA (L) TTA (L) TTA (L) TTA (L) ATG (M) ATT (I) TTA (L) TTG (L) CTG (L) ACT (T) CTA (L) TTG (L) TTA (L) GTC (V) CTA (L) ATG (M) GCG (A) ATT (I) TTA (L) CTT (L) :  TTA L 0.345 (L 0.692) TTA L 0.456 (L 0.857) TTA L 0.418 (L 0.863) TTT F 0.248 (L 0.457) TTT F 0.247 (L 0.636) TTG L 0.410 (L 0.887) TTG L 0.389 (L 0.875) TTG L 0.394 (L 0.924) TTG L 0.389 (L 0.875) TTG L 0.283 (L 0.762) ATG M 0.208 (V 0.250) TTG L 0.733 (L 0.965) TTA L 0.720 (L 0.934) TTA L 0.998 (L 0.999) TTA L 0.999 (L 1.000) TTA L 0.999 (L 1.000) TTA L 0.212 (L 0.471) ATG M 0.151 (L 0.304)
   4      1   TTT (F) TTC (F) TTT (F) TTT (F) TAC (Y) TTA (L) TTT (F) TTT (F) TTT (F) TTT (F) TTA (L) TTC (F) TTT (F) TTT (F) GAA (E) TTT (F) TTT (F) TTT (F) TTC (F) TTC (F) :  TTT F 0.947 (F 1.000) TTT F 0.986 (F 1.000) TTT F 0.988 (F 1.000) TTT F 0.911 (F 1.000) TTC F 0.861 (F 1.000) TTT F 0.989 (F 1.000) TTT F 0.975 (F 1.000) TTT F 0.702 (F 0.990) TTT F 0.975 (F 1.000) TTT F 0.946 (F 0.993) TTT F 0.967 (F 1.000) TTT F 0.996 (F 1.000) TTT F 0.989 (F 1.000) TTT F 0.999 (F 1.000) TTT F 0.998 (F 1.000) TTT F 0.967 (F 1.000) TTT F 0.895 (F 1.000) TTT F 0.872 (F 0.992)
   5      1   GAG (E) GAA (E) GAA (E) GAA (E) GAC (D) TCA (S) AAG (K) GAT (D) GAG (E) GAT (D) GAA (E) GAA (E) GAT (D) CAG (Q) GAA (E) GAT (D) CAG (Q) GAC (D) CCC (P) GAC (D) :  GAA E 0.783 (E 0.861) GAA E 0.862 (E 0.937) GAA E 0.855 (E 0.931) GAC D 0.660 (D 0.710) GAC D 0.647 (D 0.667) GAA E 0.857 (E 0.936) GAA E 0.885 (E 0.948) GAA E 0.941 (E 0.971) GAA E 0.885 (E 0.948) GAA E 0.776 (E 0.881) GAG E 0.286 (E 0.543) GAG E 0.376 (E 0.704) GAA E 0.851 (E 0.933) GAA E 0.995 (E 0.999) GAA E 0.995 (E 1.000) GAA E 0.964 (E 0.999) GAA E 0.700 (E 0.779) GAA E 0.480 (E 0.544)
   6      1   GAT (D) GAT (D) GAT (D) GAC (D) TCA (S) AAT (N) GAG (E) GAT (D) GAA (E) ACT (T) TCT (S) TCT (S) AGC (S) GTT (V) CAT (H) CAC (H) CAG (Q) GGA (G) GGG (G) GAC (D) :  GAT D 0.782 (D 0.794) GAT D 0.912 (D 0.918) GAT D 0.911 (D 0.916) GAT D 0.268 (D 0.344) GAC D 0.264 (D 0.362) GAT D 0.896 (D 0.899) GAT D 0.466 (D 0.467) TCT S 0.462 (S 0.467) GAT D 0.466 (D 0.467) CAT H 0.380 (H 0.404) CAT H 0.283 (H 0.529) GAT D 0.878 (D 0.896) GAT D 0.914 (D 0.929) GAT D 0.992 (D 0.999) GAT D 0.986 (D 0.999) GAT D 0.998 (D 1.000) GAT D 0.653 (D 0.667) GAT D 0.565 (D 0.580)
   7      1   CCA (P) CCA (P) TCA (S) CCA (P) AAC (N) AAT (N) CCC (P) CAA (Q) GAA (E) CCC (P) CCT (P) CCT (P) CCC (P) CCA (P) CCT (P) GAG (E) GAG (E) CCC (P) CCC (P) GTG (V) :  CCC P 0.301 (P 0.718) CCC P 0.399 (P 0.950) CCC P 0.407 (P 0.965) CCC P 0.598 (P 0.904) CCC P 0.239 (P 0.443) CCC P 0.377 (P 0.963) CCT P 0.481 (P 0.979) CCT P 0.774 (P 0.980) CCT P 0.481 (P 0.979) CCT P 0.385 (P 0.768) GAG E 0.409 (E 0.459) CAA Q 0.784 (Q 0.798) CCC P 0.363 (P 0.950) CCA P 0.940 (P 0.943) CCA P 0.989 (P 0.989) CCA P 0.998 (P 0.998) CCC P 0.198 (P 0.475) CCT P 0.161 (P 0.371)
   8      1   ATT (I) ATA (I) ATG (M) ATG (M) GCC (A) ACT (T) CTG (L) TTT (F) CAA (Q) TTA (L) GCT (A) GTA (V) GTG (V) ATG (M) CAT (H) GCC (A) TTA (L) CTC (L) AGC (S) ATT (I) :  ATT I 0.214 (I 0.397) ATT I 0.221 (I 0.419) ATT I 0.190 (I 0.368) ATC I 0.201 (I 0.385) ATT I 0.378 (I 0.724) ATT I 0.148 (L 0.363) GTT V 0.134 (L 0.358) GTA V 0.298 (V 0.665) GTT V 0.134 (L 0.358) CTT L 0.111 (L 0.358) TTA L 0.146 (L 0.281) CTT L 0.219 (L 0.590) ATG M 0.344 (M 0.344) ATG M 0.909 (M 0.909) ATG M 0.900 (M 0.900) ATG M 0.507 (M 0.507) ATT I 0.203 (I 0.364) ATT I 0.224 (I 0.365)
   9      1   ATC (I) ATT (I) ATT (I) ATC (I) GCA (A) ATT (I) CCC (P) ATG (M) CAA (Q) TTT (F) CTT (L) CTG (L) CCC (P) GAC (D) CTC (L) CTG (L) CTG (L) GTC (V) ACT (T) GTC (V) :  ATT I 0.242 (I 0.454) ATT I 0.240 (I 0.460) ATT I 0.205 (I 0.395) GTC V 0.406 (V 0.586) GTC V 0.356 (V 0.528) CTT L 0.273 (L 0.557) CTT L 0.455 (L 0.862) CTT L 0.521 (L 0.939) CTT L 0.455 (L 0.862) CTT L 0.335 (L 0.886) CTG L 0.658 (L 0.918) CTG L 0.227 (L 0.498) ATT I 0.266 (I 0.538) ATT I 0.550 (I 0.996) ATC I 0.526 (I 0.999) ATC I 0.524 (I 0.999) ATT I 0.250 (I 0.454) ATT I 0.288 (I 0.488)
  10      1   AAA (K) AAG (K) AAG (K) AAG (K) AAC (N) AAT (N) TCT (S) ACT (T) GAA (E) AGT (S) GCT (A) TCA (S) GGA (G) CTG (L) CAA (Q) GCG (A) GTA (V) AAA (K) GGC (G) AAG (K) :  AAA K 0.393 (K 0.564) AAA K 0.446 (K 0.616) AAA K 0.513 (K 0.630) AAA K 0.606 (K 0.759) AAG K 0.348 (K 0.503) AAA K 0.487 (K 0.569) AAA K 0.386 (K 0.437) ACA T 0.282 (T 0.457) AAA K 0.386 (K 0.437) AAA K 0.298 (K 0.349) GCA A 0.179 (A 0.284) AAA K 0.381 (K 0.416) AAG K 0.321 (K 0.604) AAG K 0.983 (K 0.997) AAG K 0.986 (K 0.999) AAG K 0.955 (K 0.999) AAT N 0.334 (K 0.496) AAT N 0.358 (N 0.440)
  11      1   GAG (E) GAG (E) GAA (E) GAA (E) GAC (D) GAA (E) GAG (E) GAA (E) GAA (E) GAT (D) GAA (E) GAA (E) TGT (C) GAC (D) GAA (E) GAT (D) GAG (E) CAA (Q) GAC (D) GGC (G) :  GAA E 0.895 (E 0.914) GAA E 0.990 (E 0.999) GAA E 0.996 (E 1.000) GAA E 0.936 (E 0.962) GAC D 0.737 (D 0.772) GAA E 0.997 (E 1.000) GAA E 0.994 (E 1.000) GAA E 0.993 (E 0.999) GAA E 0.994 (E 1.000) GAA E 0.925 (E 0.993) GAA E 0.475 (E 0.944) GAA E 0.996 (E 0.999) GAA E 0.950 (E 0.998) GAA E 0.958 (E 1.000) GAA E 0.929 (E 1.000) GAG E 0.894 (E 1.000) GAA E 0.861 (E 0.887) GAA E 0.850 (E 0.884)
  12      1   CTA (L) TTG (L) TTA (L) CTA (L) ATT (I) TTA (L) GTC (V) TTA (L) TTA (L) ATT (I) ATT (I) CTT (L) TTG (L) CAC (H) TTG (L) TTG (L) CTC (L) TTG (L) GCG (A) TCC (S) :  TTA L 0.774 (L 0.870) TTA L 0.816 (L 0.900) TTA L 0.800 (L 0.896) TTG L 0.447 (L 0.820) TCG S 0.358 (S 0.718) TTA L 0.788 (L 0.882) TTA L 0.446 (L 0.589) TTT F 0.438 (F 0.457) TTA L 0.446 (L 0.589) TTA L 0.346 (L 0.675) TTG L 0.280 (L 0.670) TTA L 0.969 (L 0.986) TTA L 0.801 (L 0.897) TTA L 0.889 (L 0.998) TTA L 0.776 (L 0.999) TTA L 0.738 (L 0.999) TTA L 0.726 (L 0.832) TTA L 0.697 (L 0.819)
  13      1   GAT (D) GAT (D) GAT (D) GAC (D) GAT (D) GAT (D) AGT (S) GAC (D) GAC (D) GAT (D) GAT (D) GAT (D) GGT (G) GAT (D) AAC (N) GAC (D) AGC (S) AAC (N) GAA (E) GAC (D) :  GAT D 0.921 (D 1.000) GAT D 0.903 (D 1.000) GAT D 0.808 (D 1.000) GAC D 0.685 (D 0.985) GAC D 0.836 (D 0.985) GAT D 0.794 (D 1.000) GAT D 0.822 (D 1.000) GAT D 0.927 (D 1.000) GAT D 0.822 (D 1.000) GAC D 0.475 (D 0.922) GAC D 0.774 (D 0.915) GAC D 0.905 (D 1.000) GAT D 0.942 (D 0.997) GAT D 0.987 (D 1.000) GAT D 0.982 (D 1.000) GAT D 0.998 (D 1.000) GAT D 0.944 (D 1.000) GAT D 0.952 (D 1.000)
  14      1   GAC (D) GCC (A) GCT (A) GCT (A) GCC (A) GCT (A) GCT (A) TCA (S) TCT (S) TCA (S) AGT (S) TCT (S) GCG (A) GGG (G) GCA (A) TCT (S) TCG (S) TCT (S) TCC (S) CCG (P) :  GCT A 0.933 (A 0.981) GCT A 0.958 (A 0.972) TCT S 0.971 (S 0.986) TCT S 0.909 (S 0.991) TCG S 0.315 (S 0.943) TCT S 0.975 (S 0.996) TCT S 0.961 (S 0.997) TCT S 0.968 (S 0.983) TCT S 0.961 (S 0.997) TCT S 0.748 (S 0.988) TCT S 0.604 (S 0.993) TCT S 0.849 (S 0.999) GCT A 0.969 (A 0.988) GCT A 0.972 (A 1.000) GCT A 0.942 (A 1.000) GCC A 0.888 (A 0.997) GCT A 0.903 (A 0.987) GCT A 0.884 (A 0.986)
  15      1   GCT (A) GCT (A) GCT (A) GCT (A) GCT (A) GAT (D) GCA (A) AAC (N) GCT (A) GCT (A) GCT (A) GCT (A) GAG (E) CTA (L) TCC (S) GCG (A) CAT (H) GCT (A) CTG (L) CTC (L) :  GCT A 0.917 (A 0.933) GCT A 0.986 (A 0.992) GCT A 0.989 (A 0.994) GCT A 0.763 (A 0.828) CTC L 0.340 (L 0.714) GCT A 0.988 (A 0.994) GCT A 0.989 (A 0.995) GCT A 0.977 (A 0.986) GCT A 0.989 (A 0.995) GCT A 0.629 (A 0.751) GCT A 0.325 (A 0.459) GCT A 0.599 (A 0.722) GCT A 0.956 (A 0.982) GCT A 0.999 (A 0.999) GCT A 1.000 (A 1.000) GCT A 0.999 (A 1.000) GCT A 0.854 (A 0.876) GCT A 0.639 (A 0.676)
  16      1   ACT (T) ACT (T) ACT (T) ACT (T) ACT (T) ACT (T) ACG (T) ACT (T) ACT (T) ACT (T) ACT (T) ACT (T) CAG (Q) ACG (T) ACC (T) ACC (T) ACT (T) TCT (S) ACG (T) ACG (T) :  ACT T 0.982 (T 1.000) ACT T 0.996 (T 1.000) ACT T 0.998 (T 1.000) ACT T 0.905 (T 0.992) ACG T 0.843 (T 1.000) ACT T 0.999 (T 1.000) ACT T 0.996 (T 1.000) ACT T 0.992 (T 1.000) ACT T 0.996 (T 1.000) ACT T 0.807 (T 1.000) ACT T 0.679 (T 1.000) ACT T 0.995 (T 1.000) ACT T 0.974 (T 1.000) ACT T 1.000 (T 1.000) ACT T 1.000 (T 1.000) ACT T 1.000 (T 1.000) ACT T 0.974 (T 1.000) ACT T 0.945 (T 1.000)
  17      1   CCA (P) CCA (P) CCG (P) CCA (P) CCA (P) CCA (P) CCG (P) CCA (P) CCA (P) CCA (P) CCA (P) CCA (P) GCG (A) CCC (P) CCA (P) CCG (P) CCT (P) CCA (P) CCT (P) CCA (P) :  CCA P 0.984 (P 1.000) CCA P 0.994 (P 1.000) CCA P 0.998 (P 1.000) CCA P 0.974 (P 1.000) CCA P 0.832 (P 1.000) CCA P 0.999 (P 1.000) CCA P 0.998 (P 1.000) CCA P 0.993 (P 1.000) CCA P 0.998 (P 1.000) CCA P 0.907 (P 1.000) CCA P 0.371 (P 1.000) CCA P 0.995 (P 1.000) CCA P 0.936 (P 1.000) CCA P 0.924 (P 1.000) CCA P 0.987 (P 1.000) CCA P 0.998 (P 1.000) CCA P 0.976 (P 1.000) CCA P 0.946 (P 1.000)
  18      1   ATG (M) ATG (M) ATG (M) ATG (M) ATG (M) ATG (M) ATG (M) ATG (M) ATG (M) TTA (L) ATG (M) ATT (I) ATG (M) ATG (M) ATT (I) CTG (L) CTG (L) ATG (M) CTG (L) ATG (M) :  ATG M 1.000 (M 1.000) ATG M 1.000 (M 1.000) ATG M 1.000 (M 1.000) ATG M 1.000 (M 1.000) ATG M 0.995 (M 0.995) ATG M 1.000 (M 1.000) ATG M 0.990 (M 0.990) ATG M 0.986 (M 0.986) ATG M 0.990 (M 0.990) ATG M 0.935 (M 0.935) CTG L 0.810 (L 0.951) ATG M 1.000 (M 1.000) ATG M 1.000 (M 1.000) ATG M 1.000 (M 1.000) ATG M 1.000 (M 1.000) ATG M 1.000 (M 1.000) ATG M 1.000 (M 1.000) ATG M 1.000 (M 1.000)
  19      1   TTT (F) TTT (F) TTT (F) TTT (F) TTC (F) TTC (F) TTT (F) TTT (F) TTT (F) TTT (F) TTC (F) TTT (F) TTC (F) TTC (F) TTC (F) TTC (F) CTA (L) TTT (F) TTC (F) TTT (F) :  TTT F 0.729 (F 1.000) TTT F 0.945 (F 1.000) TTT F 0.960 (F 1.000) TTT F 0.960 (F 1.000) TTT F 0.833 (F 1.000) TTT F 0.961 (F 1.000) TTT F 0.934 (F 1.000) TTT F 0.883 (F 1.000) TTT F 0.934 (F 1.000) TTT F 0.644 (F 0.999) TTC F 0.591 (F 0.965) TTT F 0.993 (F 1.000) TTT F 0.970 (F 1.000) TTT F 1.000 (F 1.000) TTT F 1.000 (F 1.000) TTT F 1.000 (F 1.000) TTC F 0.510 (F 1.000) TTC F 0.640 (F 1.000)
  20      1   GAG (E) GAG (E) GAA (E) GAA (E) GAC (D) GAT (D) GAG (E) GAA (E) GAA (E) GAA (E) GCT (A) GAG (E) GAA (E) GAT (D) GAA (E) GAG (E) GGG (G) GAA (E) GAG (E) GAA (E) :  GAA E 0.850 (E 0.916) GAA E 0.953 (E 1.000) GAA E 0.963 (E 1.000) GAA E 0.961 (E 1.000) GAA E 0.834 (E 1.000) GAA E 0.963 (E 1.000) GAA E 0.925 (E 1.000) GAA E 0.669 (E 0.994) GAA E 0.925 (E 1.000) GAA E 0.843 (E 1.000) GAG E 0.753 (E 0.986) GAA E 0.993 (E 1.000) GAA E 0.919 (E 1.000) GAA E 0.943 (E 1.000) GAA E 0.914 (E 1.000) GAG E 0.896 (E 1.000) GAT D 0.621 (D 0.926) GAT D 0.753 (D 0.986)
  21      1   TAT (Y) TAT (Y) TAT (Y) TAC (Y) TAC (Y) TTG (L) TAC (Y) TTT (F) TTC (F) TTT (F) TTC (F) TTC (F) TTG (L) TCG (S) TTG (L) TTC (F) TTG (L) TTT (F) CTT (L) CTT (L) :  TTT F 0.586 (F 0.959) TTT F 0.646 (F 0.987) TTT F 0.659 (F 1.000) TTT F 0.880 (F 0.992) CTT L 0.942 (L 0.978) TTT F 0.632 (F 1.000) TTT F 0.563 (F 1.000) TTC F 0.777 (F 0.999) TTT F 0.563 (F 1.000) TTC F 0.440 (F 0.856) TTC F 0.582 (F 0.842) TTT F 0.622 (F 1.000) TAT Y 0.657 (Y 0.954) TAT Y 0.946 (Y 1.000) TAT Y 0.941 (Y 1.000) TAT Y 0.993 (Y 1.000) TTT F 0.528 (F 0.940) TTT F 0.335 (F 0.604)
  22      1   GAA (E) GAA (E) GAA (E) GAA (E) GAT (D) GAT (D) GAC (D) GAA (E) GAA (E) GAA (E) GAA (E) GAA (E) GAT (D) GAT (D) GAT (D) GAG (E) GAC (D) GAA (E) GAT (D) GAA (E) :  GAT D 0.775 (D 0.866) GAA E 0.928 (E 0.933) GAA E 0.998 (E 0.999) GAA E 0.988 (E 1.000) GAA E 0.943 (E 0.990) GAA E 0.999 (E 1.000) GAA E 0.997 (E 1.000) GAA E 0.995 (E 1.000) GAA E 0.997 (E 1.000) GAA E 0.678 (E 0.796) GAG E 0.399 (E 0.779) GAA E 0.997 (E 1.000) GAA E 0.921 (E 0.933) GAA E 1.000 (E 1.000) GAA E 1.000 (E 1.000) GAA E 1.000 (E 1.000) GAT D 0.920 (D 0.994) GAT D 0.937 (D 0.999)
  23      1   AAC (N) AAC (N) AAC (N) AAC (N) GAT (D) GAA (E) AAC (N) TCA (S) TCC (S) ACT (T) GCT (A) TCT (S) CCA (P) CCC (P) AAC (N) GGT (G) GGA (G) AAC (N) GCT (A) GCC (A) :  AAC N 0.311 (N 0.394) AAC N 0.393 (N 0.477) ACC T 0.272 (T 0.341) AAC N 0.297 (N 0.336) GCC A 0.600 (A 0.782) ACC T 0.378 (T 0.506) ACT T 0.266 (T 0.530) ACT T 0.308 (T 0.391) ACT T 0.266 (T 0.530) ACC T 0.144 (T 0.285) GGT G 0.281 (G 0.590) TCC S 0.643 (S 0.887) AAC N 0.642 (N 0.707) AAC N 0.997 (N 0.998) AAC N 0.999 (N 0.999) AAC N 0.999 (N 1.000) GAC D 0.264 (D 0.355) GAC D 0.264 (D 0.353)
  24      1   CTA (L) CTA (L) CTA (L) CTA (L) AAC (N) TCT (S) GTC (V) TTA (L) CTA (L) TTA (L) TTG (L) ACT (T) CCA (P) GCT (A) CAA (Q) CTC (L) GTC (V) TTG (L) GTC (V) GTT (V) :  TTA L 0.495 (L 0.653) TTA L 0.715 (L 0.895) TTA L 0.770 (L 0.930) TTA L 0.413 (L 0.784) GTT V 0.401 (V 0.822) TTA L 0.796 (L 0.948) TTA L 0.778 (L 0.936) TTA L 0.462 (L 0.705) TTA L 0.778 (L 0.936) TTA L 0.408 (L 0.801) CTC L 0.311 (L 0.498) TTA L 0.803 (L 0.985) TTA L 0.498 (L 0.880) CTA L 0.994 (L 0.999) CTA L 0.999 (L 1.000) CTA L 0.999 (L 1.000) TTA L 0.274 (L 0.395) TTT F 0.190 (S 0.339)
  25      1   GAA (E) GAA (E) GAA (E) GAA (E) CAA (Q) CTA (L) GAA (E) GAT (D) GAC (D) AAC (N) GAA (E) GAT (D) CAG (Q) TTG (L) GAT (D) GGC (G) GAC (D) GAA (E) GAG (E) GAA (E) :  CAA Q 0.902 (Q 0.920) GAA E 0.987 (E 0.998) GAA E 0.974 (E 0.990) GAA E 0.971 (E 1.000) GAA E 0.840 (E 1.000) GAT D 0.522 (D 0.968) GAT D 0.532 (D 0.994) GAT D 0.647 (D 0.987) GAT D 0.532 (D 0.994) GAT D 0.517 (D 0.998) GAC D 0.835 (D 0.984) GAT D 0.552 (D 0.999) GAA E 0.990 (E 1.000) GAA E 1.000 (E 1.000) GAA E 1.000 (E 1.000) GAA E 1.000 (E 1.000) CAA Q 0.962 (Q 0.987) CTA L 0.836 (L 0.897)
  26      1   AAC (N) AAC (N) AAT (N) AAT (N) AAT (N) GAT (D) AAC (N) GAT (D) GAT (D) GAT (D) AAT (N) AAG (K) CAT (H) GAA (E) GGT (G) GAC (D) AAT (N) GAC (D) GAC (D) GAC (D) :  GAT D 0.935 (D 0.955) GAT D 0.936 (D 0.955) GAT D 0.978 (D 0.999) GAC D 0.705 (D 1.000) GAC D 0.947 (D 1.000) GAT D 0.990 (D 0.999) GAT D 0.992 (D 0.998) AAT N 0.921 (N 0.943) GAT D 0.992 (D 0.998) GAT D 0.957 (D 0.995) GAT D 0.776 (D 0.977) GAT D 0.996 (D 1.000) AAT N 0.876 (N 0.929) AAT N 0.954 (N 1.000) AAT N 0.925 (N 1.000) AAC N 0.895 (N 1.000) GAT D 0.936 (D 0.956) GAT D 0.958 (D 0.989)
  27      1   TCT (S) TCT (S) TCT (S) TCT (S) CCA (P) CCA (P) CCT (P) CCA (P) CCA (P) GCT (A) CCA (P) TCT (S) CAG (Q) GAA (E) GTG (V) CCT (P) CAC (H) CCA (P) CCA (P) CCT (P) :  CCA P 0.820 (P 0.949) CCA P 0.800 (P 0.965) CCA P 0.821 (P 0.976) CCA P 0.829 (P 0.965) CCA P 0.595 (P 0.955) CCA P 0.817 (P 0.976) CCA P 0.671 (P 0.943) CCA P 0.574 (P 0.858) CCA P 0.671 (P 0.943) CCA P 0.384 (P 0.749) CCT P 0.271 (P 0.657) CCA P 0.968 (P 0.988) CCT P 0.477 (P 0.792) TCT S 0.992 (S 0.995) TCT S 0.999 (S 0.999) TCT S 0.999 (S 1.000) CCA P 0.850 (P 0.939) CCA P 0.818 (P 0.891)
  28      1   AAA (K) AAA (K) AAA (K) AAG (K) GAA (E) AAC (N) GAG (E) AAG (K) AAA (K) TCA (S) AAA (K) TCT (S) GAA (E) TCC (S) GAA (E) AAG (K) AAG (K) AAG (K) CAA (Q) CAA (Q) :  AAA K 0.827 (K 0.898) AAA K 0.910 (K 0.979) AAA K 0.916 (K 0.989) AAA K 0.681 (K 0.893) CAA Q 0.833 (Q 0.875) AAA K 0.918 (K 0.989) AAA K 0.888 (K 0.947) AAA K 0.719 (K 0.766) AAA K 0.888 (K 0.947) AAA K 0.732 (K 0.860) AAG K 0.663 (K 0.877) AAA K 0.776 (K 0.984) AAA K 0.874 (K 0.953) AAA K 0.982 (K 0.999) AAA K 0.977 (K 1.000) AAA K 0.997 (K 1.000) AAA K 0.735 (K 0.804) AAA K 0.454 (K 0.523)
  29      1   GAA (E) GAA (E) GAA (E) GAA (E) AAC (N) ACC (T) AAG (K) AAT (N) CAA (Q) TCA (S) AAT (N) GAA (E) ACA (T) AAA (K) ACT (T) ACC (T) GAG (E) AGT (S) GGA (G) GGC (G) :  AAA K 0.654 (K 0.689) AAA K 0.742 (K 0.763) AAA K 0.738 (K 0.753) AGA R 0.293 (R 0.324) GGA G 0.368 (G 0.792) AAA K 0.747 (K 0.760) AAA K 0.715 (K 0.730) AAA K 0.646 (K 0.668) AAA K 0.715 (K 0.730) AAA K 0.403 (K 0.478) AAG K 0.169 (K 0.295) AAA K 0.643 (K 0.665) AAA K 0.645 (K 0.685) GAA E 0.993 (E 0.993) GAA E 0.999 (E 0.999) GAA E 0.999 (E 0.999) AAA K 0.550 (K 0.592) AAA K 0.444 (K 0.493)
  30      1   TGG (W) TGG (W) TGG (W) TGG (W) TGG (W) TGG (W) TGG (W) TGG (W) TGG (W) TGG (W) TGG (W) TGG (W) TGG (W) TGG (W) TGG (W) TGG (W) TGG (W) TGG (W) TGG (W) TGG (W) :  TGG W 1.000 (W 1.000) TGG W 1.000 (W 1.000) TGG W 1.000 (W 1.000) TGG W 1.000 (W 1.000) TGG W 1.000 (W 1.000) TGG W 1.000 (W 1.000) TGG W 1.000 (W 1.000) TGG W 1.000 (W 1.000) TGG W 1.000 (W 1.000) TGG W 1.000 (W 1.000) TGG W 1.000 (W 1.000) TGG W 1.000 (W 1.000) TGG W 1.000 (W 1.000) TGG W 1.000 (W 1.000) TGG W 1.000 (W 1.000) TGG W 1.000 (W 1.000) TGG W 1.000 (W 1.000) TGG W 1.000 (W 1.000)
  31      1   ACA (T) ACT (T) ACT (T) ACC (T) ACT (T) ACC (T) ACG (T) ACT (T) ACT (T) ACT (T) ACT (T) ACT (T) GAA (E) GGG (G) ACT (T) TCG (S) TCG (S) GGT (G) AAC (N) ACT (T) :  ACT T 0.920 (T 0.990) ACT T 0.984 (T 0.998) ACT T 0.995 (T 0.999) ACT T 0.779 (T 0.802) ACT T 0.693 (T 0.844) ACT T 0.998 (T 0.999) ACT T 0.997 (T 0.999) ACT T 0.989 (T 0.996) ACT T 0.997 (T 0.999) ACT T 0.839 (T 0.949) TCG S 0.637 (S 0.889) ACT T 0.992 (T 0.997) ACT T 0.953 (T 0.995) ACT T 0.975 (T 1.000) ACT T 0.953 (T 1.000) ACT T 0.945 (T 1.000) ACT T 0.858 (T 0.985) ACT T 0.660 (T 0.963)
  32      1   TCC (S) TCT (S) TCT (S) TCT (S) TCT (S) TCT (S) TCG (S) TCT (S) TCC (S) TCC (S) CCT (P) TCT (S) CCT (P) TCT (S) TCG (S) TCG (S) TCT (S) TCT (S) TCG (S) TCT (S) :  TCT S 0.990 (S 1.000) TCT S 0.996 (S 1.000) TCT S 0.995 (S 1.000) TCT S 0.972 (S 1.000) TCT S 0.830 (S 1.000) TCT S 0.991 (S 1.000) TCT S 0.980 (S 1.000) TCT S 0.981 (S 0.995) TCT S 0.980 (S 1.000) TCT S 0.770 (S 1.000) TCT S 0.650 (S 1.000) TCT S 0.881 (S 1.000) TCT S 0.973 (S 1.000) TCT S 0.998 (S 1.000) TCT S 0.998 (S 1.000) TCT S 0.967 (S 1.000) TCT S 0.987 (S 1.000) TCT S 0.975 (S 1.000)
  33      1   TTG (L) TTG (L) TTG (L) TTG (L) TTG (L) TTG (L) CTG (L) TTA (L) TTA (L) TTG (L) TTA (L) TTG (L) CTG (L) CTC (L) TTG (L) CTC (L) TTG (L) TTG (L) CTC (L) CTT (L) :  TTG L 0.978 (L 1.000) TTG L 0.991 (L 1.000) TTG L 0.988 (L 1.000) TTG L 0.852 (L 1.000) CTT L 0.415 (L 1.000) TTG L 0.980 (L 1.000) TTG L 0.983 (L 1.000) TTG L 0.922 (L 1.000) TTG L 0.983 (L 1.000) TTG L 0.941 (L 1.000) TTG L 0.672 (L 1.000) TTA L 0.882 (L 1.000) TTG L 0.974 (L 1.000) TTG L 1.000 (L 1.000) TTG L 1.000 (L 1.000) TTG L 1.000 (L 1.000) TTG L 0.968 (L 1.000) TTG L 0.923 (L 1.000)
  34      1   TTT (F) TTC (F) TTT (F) TTC (F) TTT (F) TTC (F) TTC (F) TTC (F) TTT (F) TTC (F) TTT (F) TTC (F) TTT (F) TTT (F) TTT (F) TTT (F) TTT (F) TTC (F) TTC (F) TTT (F) :  TTC F 0.719 (F 1.000) TTC F 0.745 (F 1.000) TTC F 0.751 (F 1.000) TTC F 0.814 (F 1.000) TTC F 0.609 (F 1.000) TTC F 0.743 (F 1.000) TTC F 0.720 (F 1.000) TTC F 0.700 (F 1.000) TTC F 0.720 (F 1.000) TTT F 0.580 (F 1.000) TTT F 0.875 (F 1.000) TTC F 0.705 (F 1.000) TTC F 0.742 (F 1.000) TTC F 0.633 (F 1.000) TTC F 0.687 (F 1.000) TTC F 0.676 (F 1.000) TTC F 0.694 (F 1.000) TTC F 0.708 (F 1.000)
  35      1   GAC (D) GAC (D) GAT (D) GAC (D) GAC (D) GAT (D) GAC (D) GAA (E) GAT (D) GAT (D) GAT (D) GAT (D) GGT (G) GAC (D) GAC (D) GAT (D) GAC (D) GAC (D) GAC (D) GAA (E) :  GAC D 0.545 (D 1.000) GAC D 0.543 (D 1.000) GAC D 0.502 (D 1.000) GAC D 0.785 (D 1.000) GAC D 0.815 (D 0.968) GAT D 0.645 (D 1.000) GAT D 0.738 (D 1.000) GAT D 0.894 (D 1.000) GAT D 0.738 (D 1.000) GAT D 0.596 (D 1.000) GAT D 0.541 (D 1.000) GAT D 0.789 (D 0.982) GAC D 0.664 (D 1.000) GAC D 0.752 (D 1.000) GAC D 0.957 (D 1.000) GAC D 0.995 (D 1.000) GAC D 0.550 (D 1.000) GAC D 0.503 (D 1.000)
  36      1   AAT (N) AAT (N) AAC (N) AAC (N) GAT (D) GAT (D) AAT (N) AAT (N) AAC (N) AAT (N) AAC (N) AAC (N) ACT (T) GAT (D) AAT (N) GAC (D) GAC (D) AAC (N) GAT (D) GAT (D) :  AAT N 0.639 (N 0.913) AAT N 0.616 (N 1.000) AAT N 0.584 (N 1.000) AAT N 0.512 (N 0.992) GAT D 0.907 (D 0.986) AAT N 0.568 (N 1.000) AAT N 0.525 (N 1.000) AAC N 0.792 (N 1.000) AAT N 0.525 (N 1.000) AAT N 0.503 (N 0.989) GAC D 0.825 (D 0.967) AAT N 0.575 (N 1.000) AAT N 0.573 (N 1.000) AAC N 0.708 (N 1.000) AAC N 0.688 (N 1.000) AAT N 0.922 (N 1.000) GAT D 0.755 (D 0.948) GAT D 0.837 (D 0.990)
  37      1   GAC (D) GAT (D) GAC (D) GAC (D) GAT (D) GAC (D) GAC (D) GAT (D) GAT (D) GAT (D) GAC (D) GAT (D) GGT (G) GAG (E) GAT (D) GAC (D) GAT (D) GAC (D) GAC (D) GAC (D) :  GAC D 0.668 (D 1.000) GAC D 0.674 (D 1.000) GAC D 0.617 (D 1.000) GAC D 0.880 (D 1.000) GAC D 0.971 (D 1.000) GAT D 0.622 (D 1.000) GAT D 0.704 (D 1.000) GAT D 0.687 (D 1.000) GAT D 0.704 (D 1.000) GAT D 0.742 (D 1.000) GAT D 0.664 (D 1.000) GAT D 0.953 (D 1.000) GAC D 0.839 (D 1.000) GAC D 0.993 (D 1.000) GAC D 0.993 (D 1.000) GAC D 0.962 (D 1.000) GAC D 0.665 (D 1.000) GAC D 0.713 (D 0.998)
  38      1   ATT (I) ATT (I) ATT (I) ATC (I) GTC (V) ATC (I) ATC (I) CTA (L) ATC (I) ATT (I) ATT (I) ATC (I) GAG (E) ATT (I) ATC (I) ATA (I) ATA (I) ATC (I) ATT (I) ATT (I) :  ATC I 0.809 (I 0.996) ATC I 0.798 (I 1.000) ATC I 0.803 (I 1.000) ATC I 0.770 (I 1.000) ATT I 0.870 (I 1.000) ATC I 0.802 (I 1.000) ATC I 0.771 (I 1.000) ATC I 0.742 (I 1.000) ATC I 0.771 (I 1.000) ATC I 0.730 (I 1.000) ATA I 0.816 (I 1.000) ATC I 0.770 (I 0.993) ATC I 0.680 (I 1.000) ATT I 0.887 (I 1.000) ATT I 0.885 (I 1.000) ATT I 0.987 (I 1.000) ATC I 0.830 (I 0.996) ATC I 0.828 (I 0.999)
  39      1   CCA (P) CCC (P) CCA (P) CCT (P) GAG (E) CCA (P) CCC (P) CCA (P) CCA (P) CCT (P) GCT (A) CCT (P) GAT (D) CCT (P) CCA (P) CCG (P) CCC (P) CCC (P) GCA (A) GCT (A) :  CCA P 0.670 (P 0.996) CCA P 0.681 (P 1.000) CCA P 0.658 (P 1.000) CCA P 0.386 (P 0.995) GCT A 0.452 (A 0.991) CCA P 0.653 (P 1.000) CCT P 0.496 (P 1.000) CCT P 0.807 (P 0.997) CCT P 0.496 (P 1.000) CCA P 0.460 (P 1.000) CCC P 0.318 (P 1.000) CCA P 0.961 (P 1.000) CCA P 0.694 (P 1.000) CCA P 0.847 (P 1.000) CCA P 0.820 (P 1.000) CCA P 0.822 (P 1.000) CCA P 0.678 (P 0.996) CCA P 0.692 (P 0.999)
  40      1   GTT (V) GTT (V) GTT (V) GTC (V) ATT (I) GTC (V) GTC (V) ATC (I) ATC (I) GTC (V) GTT (V) GTT (V) GCA (A) ATT (I) GTC (V) GTG (V) GTG (V) GTC (V) GTT (V) GTT (V) :  GTC V 0.644 (V 0.995) GTC V 0.666 (V 1.000) GTC V 0.700 (V 1.000) GTC V 0.691 (V 1.000) GTT V 0.871 (V 1.000) GTC V 0.717 (V 1.000) GTC V 0.691 (V 1.000) GTT V 0.704 (V 1.000) GTC V 0.691 (V 1.000) GTC V 0.660 (V 1.000) GTG V 0.715 (V 1.000) ATC I 0.953 (I 0.990) GTC V 0.563 (V 1.000) GTT V 0.906 (V 1.000) GTT V 0.904 (V 1.000) GTT V 0.988 (V 1.000) GTC V 0.595 (V 0.947) GTC V 0.613 (V 0.945)
