Supplemental results for CODEML (seqf: ../../gcn4_ygob_nt_muscle.phy  treef: ./tree_unrooted_pos_selection.nwk)


TREE #  1


dN/dS (w) for site classes (K=4)

site class             0        1       2a       2b
proportion       0.63508  0.31890  0.03064  0.01539
background w     0.07984  1.00000  0.07984  1.00000
foreground w     0.07984  1.00000  7.17874  7.17874

Naive Empirical Bayes (NEB) probabilities for 4 classes
(amino acids refer to 1st sequence: YEL009C)

   1 P   0.00000 0.95958 0.00000 0.04042 ( 2)
   2 S   0.00000 0.95601 0.00000 0.04399 ( 2)
   3 L   0.00127 0.96017 0.00004 0.03852 ( 2)
   4 F   0.98197 0.00000 0.01803 0.00000 ( 1)
   5 E   0.00012 0.97352 0.00001 0.02635 ( 2)
   6 D   0.00000 0.97461 0.00000 0.02539 ( 2)
   7 P   0.00006 0.97158 0.00000 0.02836 ( 2)
   8 I   0.00000 0.94675 0.00000 0.05325 ( 2)
   9 I   0.00000 0.96374 0.00000 0.03626 ( 2)
  10 K   0.00000 0.96819 0.00000 0.03181 ( 2)
  11 E   0.86138 0.11800 0.01776 0.00286 ( 1)
  12 L   0.00503 0.96294 0.00015 0.03189 ( 2)
  13 D   0.97840 0.00098 0.02060 0.00002 ( 1)
  14 D   0.90621 0.06661 0.02446 0.00272 ( 1)
  15 A   0.00021 0.97421 0.00000 0.02558 ( 2)
  16 T   0.97818 0.00000 0.02182 0.00000 ( 1)
  17 P   0.97808 0.00000 0.02192 0.00000 ( 1)
  18 M   0.98492 0.00000 0.01508 0.00000 ( 1)
  19 F   0.98190 0.00000 0.01810 0.00000 ( 1)
  20 E   0.97990 0.00000 0.02010 0.00000 ( 1)
  21 Y   0.33693 0.01064 0.65149 0.00095 ( 3)
  22 E   0.97832 0.00000 0.02167 0.00000 ( 1)
  23 N   0.00000 0.94875 0.00000 0.05125 ( 2)
  24 L   0.00000 0.96218 0.00000 0.03782 ( 2)
  25 E   0.97593 0.00270 0.02130 0.00007 ( 1)
  26 N   0.43325 0.00205 0.56460 0.00011 ( 3)
  27 S   0.10690 0.85350 0.00410 0.03550 ( 2)
  28 K   0.00034 0.97473 0.00001 0.02492 ( 2)
  29 E   0.00000 0.95881 0.00000 0.04119 ( 2)
  30 W   0.97865 0.00000 0.02135 0.00000 ( 1)
  31 T   0.60603 0.37079 0.01352 0.00966 ( 1)
  32 S   0.97817 0.00000 0.02183 0.00000 ( 1)
  33 L   0.97630 0.00000 0.02370 0.00000 ( 1)
  34 F   0.98183 0.00000 0.01817 0.00000 ( 1)
  35 D   0.98160 0.00000 0.01840 0.00000 ( 1)
  36 N   0.98149 0.00000 0.01851 0.00000 ( 1)
  37 D   0.98149 0.00000 0.01851 0.00000 ( 1)
  38 I   0.97998 0.00000 0.02002 0.00000 ( 1)
  39 P   0.97583 0.00225 0.02186 0.00006 ( 1)
  40 V   0.97814 0.00000 0.02186 0.00000 ( 1)
  41 T   0.05928 0.91170 0.00164 0.02737 ( 2)
  42 T   0.00001 0.97203 0.00000 0.02796 ( 2)
  43 D   0.00144 0.97149 0.00004 0.02702 ( 2)
  44 D   0.98194 0.00000 0.01806 0.00000 ( 1)
  45 V   0.97817 0.00000 0.02182 0.00000 ( 1)
  46 I   0.00105 0.97397 0.00002 0.02496 ( 2)
  47 E   0.81609 0.16197 0.01773 0.00421 ( 1)
  48 S   0.00000 0.94890 0.00000 0.05110 ( 2)
  49 T   0.00101 0.97196 0.00002 0.02701 ( 2)
  50 E   0.00000 0.96824 0.00000 0.03176 ( 2)
  51 E   0.00004 0.97441 0.00000 0.02555 ( 2)
  52 V   0.00000 0.95090 0.00000 0.04910 ( 2)
  53 S   0.00000 0.94654 0.00000 0.05346 ( 2)
  54 T   0.00000 0.95388 0.00000 0.04612 ( 2)
  55 T   0.00000 0.97106 0.00000 0.02894 ( 2)
  56 S   0.32692 0.64776 0.00758 0.01774 ( 2)
  57 F   0.98193 0.00000 0.01807 0.00000 ( 1)
  58 L   0.97263 0.00000 0.02737 0.00000 ( 1)
  59 P   0.97802 0.00000 0.02198 0.00000 ( 1)
  60 T   0.97818 0.00000 0.02182 0.00000 ( 1)
  61 P   0.97810 0.00000 0.02190 0.00000 ( 1)
  62 V   0.01410 0.95999 0.00032 0.02559 ( 2)
  63 L   0.96860 0.00319 0.02808 0.00012 ( 1)
  64 E   0.98015 0.00000 0.01985 0.00000 ( 1)
  65 D   0.98156 0.00042 0.01801 0.00001 ( 1)
  66 A   0.09511 0.87946 0.00213 0.02329 ( 2)
  67 K   0.00137 0.97139 0.00003 0.02721 ( 2)
  68 L   0.95211 0.02150 0.02573 0.00066 ( 1)
  69 T   0.00000 0.96016 0.00000 0.03984 ( 2)
  70 Q   0.00000 0.88499 0.00000 0.11501 ( 2)
  71 T   0.00000 0.96900 0.00000 0.03100 ( 2)
  72 D   0.00000 0.96670 0.00000 0.03330 ( 2)
  73 D   0.00000 0.93245 0.00000 0.06755 ( 2)
  74 E   0.00000 0.92440 0.00000 0.07560 ( 2)
  75 S   0.00000 0.95535 0.00000 0.04465 ( 2)
  76 R   0.96865 0.00000 0.03135 0.00000 ( 1)
  77 L   0.00071 0.94403 0.00025 0.05501 ( 2)
  78 D   0.98194 0.00000 0.01806 0.00000 ( 1)
  79 H   0.98193 0.00000 0.01807 0.00000 ( 1)
  80 L   0.97370 0.00000 0.02630 0.00000 ( 1)
  81 G   0.97821 0.00000 0.02179 0.00000 ( 1)
  82 V   0.97818 0.00000 0.02182 0.00000 ( 1)
  83 V   0.97810 0.00000 0.02190 0.00000 ( 1)
  84 A   0.00027 0.96748 0.00003 0.03222 ( 2)
  85 Y   0.97824 0.00000 0.02176 0.00000 ( 1)
  86 N   0.98113 0.00000 0.01887 0.00000 ( 1)
  87 R   0.97783 0.00000 0.02217 0.00000 ( 1)
  88 K   0.97992 0.00000 0.02008 0.00000 ( 1)
  89 Q   0.00002 0.96568 0.00001 0.03429 ( 2)
  90 R   0.97819 0.00000 0.02181 0.00000 ( 1)
  91 S   0.03716 0.93192 0.00091 0.03000 ( 2)
  92 I   0.00121 0.91095 0.00302 0.08482 ( 2)
  93 P   0.97808 0.00000 0.02192 0.00000 ( 1)
  94 L   0.97511 0.00000 0.02489 0.00000 ( 1)
  95 S   0.96928 0.00000 0.03072 0.00000 ( 1)
  96 P   0.97808 0.00000 0.02192 0.00000 ( 1)
  97 I   0.96906 0.00000 0.03094 0.00000 ( 1)
  98 V   0.93988 0.01995 0.03933 0.00084 ( 1)
  99 P   0.97607 0.00207 0.02181 0.00005 ( 1)
 100 E   0.97860 0.00000 0.02140 0.00000 ( 1)
 101 S   0.97798 0.00012 0.02190 0.00000 ( 1)
 102 S   0.38309 0.00003 0.61687 0.00000 ( 3)
 103 D   0.98196 0.00000 0.01804 0.00000 ( 1)
 104 P   0.97815 0.00000 0.02185 0.00000 ( 1)
 105 A   0.96313 0.00153 0.03528 0.00006 ( 1)
 106 A   0.97720 0.00001 0.02279 0.00000 ( 1)
 107 L   0.96997 0.00049 0.02952 0.00002 ( 1)
 108 K   0.98003 0.00000 0.01997 0.00000 ( 1)
 109 R   0.97820 0.00000 0.02180 0.00000 ( 1)
 110 A   0.97816 0.00000 0.02184 0.00000 ( 1)
 111 R   0.97820 0.00001 0.02180 0.00000 ( 1)
 112 N   0.98204 0.00000 0.01796 0.00000 ( 1)
 113 T   0.97818 0.00000 0.02182 0.00000 ( 1)
 114 E   0.98015 0.00000 0.01985 0.00000 ( 1)
 115 A   0.97816 0.00000 0.02184 0.00000 ( 1)
 116 A   0.97814 0.00000 0.02186 0.00000 ( 1)
 117 R   0.97815 0.00000 0.02185 0.00000 ( 1)
 118 R   0.97808 0.00000 0.02192 0.00000 ( 1)
 119 S   0.97805 0.00000 0.02195 0.00000 ( 1)
 120 R   0.97608 0.00000 0.02392 0.00000 ( 1)
 121 A   0.97813 0.00000 0.02187 0.00000 ( 1)
 122 R   0.97821 0.00000 0.02179 0.00000 ( 1)
 123 K   0.98012 0.00000 0.01988 0.00000 ( 1)
 124 L   0.97388 0.00000 0.02611 0.00000 ( 1)
 125 Q   0.97858 0.00000 0.02142 0.00000 ( 1)
 126 R   0.97797 0.00000 0.02203 0.00000 ( 1)
 127 M   0.98492 0.00000 0.01508 0.00000 ( 1)
 128 K   0.96956 0.00000 0.03044 0.00000 ( 1)
 129 Q   0.97773 0.00000 0.02227 0.00000 ( 1)
 130 L   0.96631 0.00000 0.03369 0.00000 ( 1)
 131 E   0.98015 0.00000 0.01985 0.00000 ( 1)
 132 D   0.92614 0.05511 0.01743 0.00132 ( 1)
 133 K   0.98022 0.00000 0.01978 0.00000 ( 1)
 134 V   0.97818 0.00000 0.02182 0.00000 ( 1)
 135 E   0.98012 0.00000 0.01988 0.00000 ( 1)
 136 E   0.97007 0.00912 0.02058 0.00023 ( 1)
 137 L   0.97224 0.00000 0.02776 0.00000 ( 1)
 138 L   0.96919 0.00000 0.03081 0.00000 ( 1)
 139 S   0.00001 0.96061 0.00000 0.03939 ( 2)
 140 K   0.97022 0.00102 0.02872 0.00004 ( 1)
 141 N   0.98187 0.00000 0.01813 0.00000 ( 1)
 142 Y   0.00001 0.92594 0.00001 0.07403 ( 2)
 143 H   0.02875 0.00626 0.96378 0.00121 ( 3)
 144 L   0.97582 0.00000 0.02418 0.00000 ( 1)
 145 E   0.98004 0.00000 0.01996 0.00000 ( 1)
 146 N   0.00066 0.97673 0.00001 0.02260 ( 2)
 147 E   0.97822 0.00000 0.02178 0.00000 ( 1)
 148 V   0.97818 0.00000 0.02182 0.00000 ( 1)
 149 A   0.00000 0.96846 0.00000 0.03154 ( 2)
 150 R   0.97817 0.00000 0.02183 0.00000 ( 1)
 151 L   0.97463 0.00000 0.02537 0.00000 ( 1)
 152 K   0.37639 0.58778 0.01446 0.02137 ( 2)
 153 K   0.00000 0.91507 0.00000 0.08493 ( 2)
 154 L   0.97401 0.00003 0.02596 0.00000 ( 1)
 155 V   0.96676 0.00000 0.03324 0.00000 ( 1)
 156 G   0.00000 0.96425 0.00000 0.03575 ( 2)
 157 E   0.00000 0.93313 0.00000 0.06687 ( 2)
 158 R   0.00000 0.94816 0.00000 0.05184 ( 2)


lnL = -7437.367936

Bayes Empirical Bayes (BEB) probabilities for 4 classes (class)
(amino acids refer to 1st sequence: YEL009C)

   1 P   0.00000 0.90088 0.00000 0.09912 ( 2)
   2 S   0.00000 0.89628 0.00000 0.10372 ( 2)
   3 L   0.00003 0.90298 0.00000 0.09698 ( 2)
   4 F   0.93063 0.00002 0.06935 0.00000 ( 1)
   5 E   0.00000 0.91563 0.00000 0.08437 ( 2)
   6 D   0.00000 0.91682 0.00000 0.08318 ( 2)
   7 P   0.00000 0.91356 0.00000 0.08643 ( 2)
   8 I   0.00000 0.88727 0.00000 0.11273 ( 2)
   9 I   0.00000 0.90515 0.00000 0.09485 ( 2)
  10 K   0.00000 0.90988 0.00000 0.09012 ( 2)
  11 E   0.16945 0.75080 0.01316 0.06659 ( 2)
  12 L   0.00028 0.90917 0.00003 0.09053 ( 2)
  13 D   0.91140 0.01552 0.07168 0.00140 ( 1)
  14 D   0.46161 0.44922 0.04021 0.04896 ( 1)
  15 A   0.00000 0.91646 0.00000 0.08353 ( 2)
  16 T   0.92511 0.00000 0.07488 0.00000 ( 1)
  17 P   0.92503 0.00000 0.07497 0.00000 ( 1)
  18 M   0.93530 0.00000 0.06470 0.00000 ( 1)
  19 F   0.93058 0.00000 0.06942 0.00000 ( 1)
  20 E   0.92770 0.00000 0.07230 0.00000 ( 1)
  21 Y   0.17893 0.11142 0.69507 0.01459 ( 3)
  22 E   0.92522 0.00001 0.07476 0.00000 ( 1)
  23 N   0.00000 0.89040 0.00000 0.10960 ( 2)
  24 L   0.00000 0.90369 0.00000 0.09631 ( 2)
  25 E   0.90597 0.01971 0.07253 0.00179 ( 1)
  26 N   0.25508 0.02195 0.72098 0.00199 ( 3)
  27 S   0.00324 0.89799 0.00034 0.09843 ( 2)
  28 K   0.00000 0.91721 0.00000 0.08279 ( 2)
  29 E   0.00000 0.89987 0.00000 0.10013 ( 2)
  30 W   0.92565 0.00000 0.07435 0.00000 ( 1)
  31 T   0.06122 0.85600 0.00492 0.07786 ( 2)
  32 S   0.92510 0.00000 0.07490 0.00000 ( 1)
  33 L   0.92247 0.00000 0.07753 0.00000 ( 1)
  34 F   0.93051 0.00000 0.06949 0.00000 ( 1)
  35 D   0.93028 0.00000 0.06972 0.00000 ( 1)
  36 N   0.93018 0.00000 0.06982 0.00000 ( 1)
  37 D   0.93017 0.00000 0.06983 0.00000 ( 1)
  38 I   0.92777 0.00000 0.07223 0.00000 ( 1)
  39 P   0.90623 0.01862 0.07343 0.00172 ( 1)
  40 V   0.92508 0.00001 0.07492 0.00000 ( 1)
  41 T   0.00181 0.91086 0.00016 0.08717 ( 2)
  42 T   0.00000 0.91388 0.00000 0.08612 ( 2)
  43 D   0.00001 0.91478 0.00000 0.08520 ( 2)
  44 D   0.93061 0.00000 0.06939 0.00000 ( 1)
  45 V   0.92510 0.00001 0.07489 0.00000 ( 1)
  46 I   0.00001 0.91718 0.00000 0.08282 ( 2)
  47 E   0.18113 0.73748 0.01434 0.06705 ( 2)
  48 S   0.00000 0.89006 0.00000 0.10994 ( 2)
  49 T   0.00001 0.91485 0.00000 0.08514 ( 2)
  50 E   0.00000 0.90969 0.00000 0.09031 ( 2)
  51 E   0.00000 0.91655 0.00000 0.08345 ( 2)
  52 V   0.00000 0.89209 0.00000 0.10791 ( 2)
  53 S   0.00000 0.88841 0.00000 0.11159 ( 2)
  54 T   0.00000 0.89519 0.00000 0.10481 ( 2)
  55 T   0.00000 0.91286 0.00000 0.08714 ( 2)
  56 S   0.01903 0.89655 0.00155 0.08287 ( 2)
  57 F   0.93061 0.00000 0.06939 0.00000 ( 1)
  58 L   0.91841 0.00000 0.08159 0.00000 ( 1)
  59 P   0.92498 0.00000 0.07502 0.00000 ( 1)
  60 T   0.92511 0.00000 0.07489 0.00000 ( 1)
  61 P   0.92504 0.00000 0.07496 0.00000 ( 1)
  62 V   0.00023 0.91587 0.00002 0.08388 ( 2)
  63 L   0.87991 0.03724 0.07887 0.00399 ( 1)
  64 E   0.92794 0.00000 0.07206 0.00000 ( 1)
  65 D   0.92560 0.00500 0.06896 0.00044 ( 1)
  66 A   0.00277 0.91351 0.00022 0.08350 ( 2)
  67 K   0.00002 0.91471 0.00000 0.08527 ( 2)
  68 L   0.82841 0.09024 0.07261 0.00874 ( 1)
  69 T   0.00000 0.90139 0.00000 0.09861 ( 2)
  70 Q   0.00000 0.83165 0.00000 0.16835 ( 2)
  71 T   0.00000 0.91097 0.00000 0.08903 ( 2)
  72 D   0.00000 0.90833 0.00000 0.09167 ( 2)
  73 D   0.00000 0.87383 0.00000 0.12617 ( 2)
  74 E   0.00000 0.86741 0.00000 0.13259 ( 2)
  75 S   0.00000 0.89701 0.00000 0.10299 ( 2)
  76 R   0.91242 0.00000 0.08758 0.00000 ( 1)
  77 L   0.00001 0.88615 0.00001 0.11383 ( 2)
  78 D   0.93061 0.00000 0.06939 0.00000 ( 1)
  79 H   0.93061 0.00000 0.06939 0.00000 ( 1)
  80 L   0.91923 0.00000 0.08077 0.00000 ( 1)
  81 G   0.92514 0.00000 0.07486 0.00000 ( 1)
  82 V   0.92512 0.00000 0.07488 0.00000 ( 1)
  83 V   0.92505 0.00000 0.07495 0.00000 ( 1)
  84 A   0.00000 0.90941 0.00000 0.09058 ( 2)
  85 Y   0.92516 0.00000 0.07484 0.00000 ( 1)
  86 N   0.92953 0.00000 0.07047 0.00000 ( 1)
  87 R   0.92467 0.00000 0.07533 0.00000 ( 1)
  88 K   0.92771 0.00000 0.07229 0.00000 ( 1)
  89 Q   0.00000 0.90729 0.00000 0.09271 ( 2)
  90 R   0.92512 0.00000 0.07488 0.00000 ( 1)
  91 S   0.00099 0.90957 0.00008 0.08936 ( 2)
  92 I   0.00002 0.85720 0.00011 0.14267 ( 2)
  93 P   0.92503 0.00000 0.07497 0.00000 ( 1)
  94 L   0.92106 0.00000 0.07894 0.00000 ( 1)
  95 S   0.91391 0.00000 0.08609 0.00000 ( 1)
  96 P   0.92503 0.00000 0.07497 0.00000 ( 1)
  97 I   0.91323 0.00000 0.08676 0.00000 ( 1)
  98 V   0.69468 0.20650 0.07596 0.02286 ( 1)
  99 P   0.90799 0.01694 0.07351 0.00156 ( 1)
 100 E   0.92579 0.00000 0.07421 0.00000 ( 1)
 101 S   0.92440 0.00061 0.07494 0.00006 ( 1)
 102 S   0.23156 0.00014 0.76829 0.00002 ( 3)
 103 D   0.93063 0.00000 0.06937 0.00000 ( 1)
 104 P   0.92509 0.00000 0.07491 0.00000 ( 1)
 105 A   0.89535 0.01162 0.09182 0.00121 ( 1)
 106 A   0.92386 0.00003 0.07610 0.00000 ( 1)
 107 L   0.91270 0.00239 0.08467 0.00025 ( 1)
 108 K   0.92783 0.00000 0.07217 0.00000 ( 1)
 109 R   0.92513 0.00000 0.07487 0.00000 ( 1)
 110 A   0.92510 0.00000 0.07490 0.00000 ( 1)
 111 R   0.92512 0.00001 0.07486 0.00000 ( 1)
 112 N   0.93071 0.00000 0.06929 0.00000 ( 1)
 113 T   0.92512 0.00000 0.07488 0.00000 ( 1)
 114 E   0.92794 0.00000 0.07206 0.00000 ( 1)
 115 A   0.92510 0.00000 0.07490 0.00000 ( 1)
 116 A   0.92508 0.00000 0.07492 0.00000 ( 1)
 117 R   0.92509 0.00000 0.07491 0.00000 ( 1)
 118 R   0.92497 0.00000 0.07503 0.00000 ( 1)
 119 S   0.92495 0.00000 0.07505 0.00000 ( 1)
 120 R   0.92262 0.00000 0.07738 0.00000 ( 1)
 121 A   0.92507 0.00000 0.07493 0.00000 ( 1)
 122 R   0.92514 0.00000 0.07486 0.00000 ( 1)
 123 K   0.92791 0.00000 0.07209 0.00000 ( 1)
 124 L   0.91976 0.00001 0.08023 0.00000 ( 1)
 125 Q   0.92559 0.00000 0.07441 0.00000 ( 1)
 126 R   0.92492 0.00000 0.07508 0.00000 ( 1)
 127 M   0.93530 0.00000 0.06470 0.00000 ( 1)
 128 K   0.91305 0.00000 0.08695 0.00000 ( 1)
 129 Q   0.92448 0.00000 0.07552 0.00000 ( 1)
 130 L   0.91276 0.00000 0.08724 0.00000 ( 1)
 131 E   0.92794 0.00000 0.07206 0.00000 ( 1)
 132 D   0.41621 0.50777 0.03105 0.04497 ( 2)
 133 K   0.92801 0.00000 0.07199 0.00000 ( 1)
 134 V   0.92512 0.00000 0.07488 0.00000 ( 1)
 135 E   0.92791 0.00000 0.07209 0.00000 ( 1)
 136 E   0.79050 0.13482 0.06251 0.01217 ( 1)
 137 L   0.91775 0.00000 0.08225 0.00000 ( 1)
 138 L   0.91507 0.00000 0.08493 0.00000 ( 1)
 139 S   0.00000 0.90215 0.00000 0.09785 ( 2)
 140 K   0.90940 0.00771 0.08206 0.00082 ( 1)
 141 N   0.93055 0.00000 0.06945 0.00000 ( 1)
 142 Y   0.00000 0.86681 0.00000 0.13319 ( 2)
 143 H   0.01472 0.09480 0.87018 0.02030 ( 3)
 144 L   0.92192 0.00000 0.07808 0.00000 ( 1)
 145 E   0.92783 0.00000 0.07217 0.00000 ( 1)
 146 N   0.00000 0.91985 0.00000 0.08015 ( 2)
 147 E   0.92609 0.00000 0.07391 0.00000 ( 1)
 148 V   0.92512 0.00000 0.07488 0.00000 ( 1)
 149 A   0.00000 0.91005 0.00000 0.08995 ( 2)
 150 R   0.92509 0.00001 0.07490 0.00000 ( 1)
 151 L   0.92064 0.00000 0.07936 0.00000 ( 1)
 152 K   0.01687 0.88927 0.00178 0.09208 ( 2)
 153 K   0.00000 0.85742 0.00000 0.14258 ( 2)
 154 L   0.91957 0.00005 0.08038 0.00000 ( 1)
 155 V   0.91079 0.00000 0.08921 0.00000 ( 1)
 156 G   0.00000 0.90559 0.00000 0.09441 ( 2)
 157 E   0.00000 0.87426 0.00000 0.12574 ( 2)
 158 R   0.00000 0.88961 0.00000 0.11039 ( 2)

Ancestral reconstruction by CODONML.

(ZYRO0D091: 4.888872, (((SAKL0F050: 0.646112, (Kwal_55.2: 0.581330, KLTH0F127: 0.893883): 0.863521): 0.445913, (((TPHA0L006: 0.813061, Kpol_487.: 0.681579): 0.256721, (((ADL012C: 1.048628, Ecym_4497: 1.092488): 0.796111, KLLA0D141: 1.279436): 0.328768, TBLA0A009: 1.058536): 0.000004): 0.106069, (NCAS0I001: 0.415168, NDAI0A086: 0.517502): 0.484476): 0.055389): 0.073871, (KNAG0L008: 1.529136, (Skud_5.91: 0.206255, (Suva_5.73: 0.268817, (YEL009C: 0.212912, Smik_5.10: 0.208050): 0.103571): 0.044459): 0.495074): 0.133917): 0.109550, (CAGL0L024: 1.424410, (TDEL0H029: 2.079401, KAFR0L005: 0.882345): 0.186303): 0.135162);

(13, (((18, (20, 19)), (((11, 12), (((16, 17), 15), 10)), (8, 9))), (7, (3, (4, (1, 2))))), (5, (14, 6)));

  21..13   21..22   22..23   23..24   24..18   24..25   25..20   25..19   23..26   26..27   27..28   28..11   28..12   27..29   29..30   30..31   31..16   31..17   30..15   29..10   26..32   32..8    32..9    22..33   33..7    33..34   34..3    34..35   35..4    35..36   36..1    36..2    21..37   37..5    37..38   38..14   38..6  

tree with node labels for Rod Page's TreeView
(13_ZYRO0D091, (((18_SAKL0F050, (20_Kwal_55.2, 19_KLTH0F127) 25 ) 24 , (((11_TPHA0L006, 12_Kpol_487.) 28 , (((16_ADL012C, 17_Ecym_4497) 31 , 15_KLLA0D141) 30 , 10_TBLA0A009) 29 ) 27 , (8_NCAS0I001, 9_NDAI0A086) 32 ) 26 ) 23 , (7_KNAG0L008, (3_Skud_5.91, (4_Suva_5.73, (1_YEL009C, 2_Smik_5.10) 36 ) 35 ) 34 ) 33 ) 22 , (5_CAGL0L024, (14_TDEL0H029, 6_KAFR0L005) 38 ) 37 ) 21 ;

Nodes 21 to 38 are ancestral

(1) Marginal reconstruction of ancestral sequences
(eqn. 4 in Yang et al. 1995 Genetics 141:1641-1650).

Prob of best state at each node, listed by site

   site   Freq   Data: 

   1      1   CCA (P) CCA (P) CGA (R) CCA (P) ATG (M) TAC (Y) CCA (P) CAA (Q) CTT (L) ATG (M) TCC (S) CCA (P) CAA (Q) ATG (M) ATG (M) ATT (I) GCA (A) CAG (Q) CCT (P) CCT (P) :  CCA P 0.353 (P 0.524) CCA P 0.525 (P 0.681) CCA P 0.507 (P 0.672) CCG P 0.282 (P 0.604) CCT P 0.766 (P 0.901) CCA P 0.492 (P 0.649) CCA P 0.428 (P 0.587) CCA P 0.534 (P 0.714) CCA P 0.428 (P 0.587) CCA P 0.152 (P 0.248) ACA T 0.133 (T 0.228) CTA L 0.368 (L 0.470) CCA P 0.628 (P 0.753) CCA P 0.915 (P 0.916) CCA P 0.989 (P 0.989) CCA P 0.998 (P 0.999) CCA P 0.198 (P 0.360) CCA P 0.103 (L 0.280)
   2      1   AGT (S) AGT (S) AGT (S) AGT (S) AAA (K) AAC (N) AGT (S) AGT (S) CTT (L) TCA (S) AAT (N) AAT (N) AGT (S) TCT (S) AAC (N) TCG (S) AGT (S) TCC (S) TCT (S) TCC (S) :  AAT N 0.451 (N 0.495) AGT S 0.444 (S 0.460) AAT N 0.428 (N 0.444) TCT S 0.260 (S 0.534) TCC S 0.482 (S 0.877) AAT N 0.447 (N 0.459) AAT N 0.537 (N 0.553) AAT N 0.796 (N 0.809) AAT N 0.537 (N 0.553) AAT N 0.410 (N 0.487) AGT S 0.206 (S 0.284) AGT S 0.528 (S 0.532) AGT S 0.605 (S 0.623) AGT S 0.997 (S 0.997) AGT S 0.999 (S 0.999) AGT S 0.999 (S 1.000) AAT N 0.472 (N 0.561) AAT N 0.429 (N 0.577)
   3      1   TTA (L) TTA (L) TTA (L) TTA (L) ATG (M) ATT (I) TTA (L) TTG (L) CTG (L) ACT (T) CTA (L) TTG (L) TTA (L) GTC (V) CTA (L) ATG (M) GCG (A) ATT (I) TTA (L) CTT (L) :  TTA L 0.414 (L 0.714) TTA L 0.551 (L 0.887) TTA L 0.499 (L 0.890) TTT F 0.253 (L 0.472) TTT F 0.248 (L 0.639) TTA L 0.456 (L 0.910) TTA L 0.433 (L 0.896) TTA L 0.417 (L 0.935) TTA L 0.433 (L 0.896) TTA L 0.309 (L 0.773) ATG M 0.214 (L 0.249) TTG L 0.745 (L 0.970) TTA L 0.685 (L 0.930) TTA L 0.997 (L 0.999) TTA L 0.999 (L 1.000) TTA L 0.999 (L 1.000) TTA L 0.251 (L 0.482) ATA I 0.150 (I 0.314)
   4      1   TTT (F) TTC (F) TTT (F) TTT (F) TAC (Y) TTA (L) TTT (F) TTT (F) TTT (F) TTT (F) TTA (L) TTC (F) TTT (F) TTT (F) GAA (E) TTT (F) TTT (F) TTT (F) TTC (F) TTC (F) :  TTT F 0.949 (F 1.000) TTT F 0.989 (F 1.000) TTT F 0.990 (F 1.000) TTT F 0.913 (F 1.000) TTC F 0.860 (F 1.000) TTT F 0.990 (F 1.000) TTT F 0.977 (F 1.000) TTT F 0.700 (F 0.990) TTT F 0.977 (F 1.000) TTT F 0.944 (F 0.992) TTT F 0.964 (F 1.000) TTT F 0.996 (F 1.000) TTT F 0.990 (F 1.000) TTT F 0.999 (F 1.000) TTT F 0.998 (F 1.000) TTT F 0.967 (F 1.000) TTT F 0.896 (F 1.000) TTT F 0.872 (F 0.992)
   5      1   GAG (E) GAA (E) GAA (E) GAA (E) GAC (D) TCA (S) AAG (K) GAT (D) GAG (E) GAT (D) GAA (E) GAA (E) GAT (D) CAG (Q) GAA (E) GAT (D) CAG (Q) GAC (D) CCC (P) GAC (D) :  GAA E 0.793 (E 0.868) GAA E 0.874 (E 0.945) GAA E 0.865 (E 0.937) GAC D 0.661 (D 0.710) GAC D 0.647 (D 0.667) GAA E 0.866 (E 0.941) GAA E 0.892 (E 0.951) GAA E 0.943 (E 0.973) GAA E 0.892 (E 0.951) GAA E 0.779 (E 0.880) GAA E 0.281 (E 0.551) GAG E 0.377 (E 0.705) GAA E 0.867 (E 0.943) GAA E 0.995 (E 0.999) GAA E 0.995 (E 1.000) GAA E 0.965 (E 0.999) GAA E 0.706 (E 0.784) GAA E 0.482 (E 0.543)
   6      1   GAT (D) GAT (D) GAT (D) GAC (D) TCA (S) AAT (N) GAG (E) GAT (D) GAA (E) ACT (T) TCT (S) TCT (S) AGC (S) GTT (V) CAT (H) CAC (H) CAG (Q) GGA (G) GGG (G) GAC (D) :  GAT D 0.793 (D 0.804) GAT D 0.927 (D 0.932) GAT D 0.923 (D 0.928) GAT D 0.271 (D 0.347) GAC D 0.261 (D 0.360) GAT D 0.905 (D 0.908) GAT D 0.479 (D 0.481) TCT S 0.466 (S 0.470) GAT D 0.479 (D 0.480) CAT H 0.400 (H 0.427) CAT H 0.291 (H 0.547) GAT D 0.879 (D 0.897) GAT D 0.928 (D 0.937) GAT D 0.993 (D 0.999) GAT D 0.988 (D 0.999) GAT D 0.998 (D 1.000) GAT D 0.658 (D 0.673) GAT D 0.568 (D 0.584)
   7      1   CCA (P) CCA (P) TCA (S) CCA (P) AAC (N) AAT (N) CCC (P) CAA (Q) GAA (E) CCC (P) CCT (P) CCT (P) CCC (P) CCA (P) CCT (P) GAG (E) GAG (E) CCC (P) CCC (P) GTG (V) :  CCC P 0.318 (P 0.724) CCC P 0.424 (P 0.960) CCC P 0.431 (P 0.973) CCC P 0.612 (P 0.909) CCC P 0.249 (P 0.452) CCC P 0.396 (P 0.971) CCT P 0.465 (P 0.983) CCT P 0.770 (P 0.981) CCT P 0.465 (P 0.983) CCT P 0.372 (P 0.759) GAG E 0.373 (E 0.424) CAA Q 0.785 (Q 0.800) CCC P 0.407 (P 0.960) CCA P 0.944 (P 0.947) CCA P 0.989 (P 0.990) CCA P 0.998 (P 0.998) CCC P 0.207 (P 0.474) CCT P 0.154 (P 0.368)
   8      1   ATT (I) ATA (I) ATG (M) ATG (M) GCC (A) ACT (T) CTG (L) TTT (F) CAA (Q) TTA (L) GCT (A) GTA (V) GTG (V) ATG (M) CAT (H) GCC (A) TTA (L) CTC (L) AGC (S) ATT (I) :  ATT I 0.210 (I 0.392) ATT I 0.217 (I 0.415) ATT I 0.188 (I 0.371) ATC I 0.208 (I 0.392) ATT I 0.373 (I 0.724) ATT I 0.145 (L 0.368) GTT V 0.129 (L 0.360) GTA V 0.300 (V 0.666) GTT V 0.129 (L 0.360) CTT L 0.111 (L 0.353) TTA L 0.120 (L 0.257) CTT L 0.216 (L 0.597) ATG M 0.280 (I 0.315) ATG M 0.894 (M 0.894) ATG M 0.886 (M 0.886) ATG M 0.501 (M 0.501) ATT I 0.198 (I 0.359) ATT I 0.218 (I 0.358)
   9      1   ATC (I) ATT (I) ATT (I) ATC (I) GCA (A) ATT (I) CCC (P) ATG (M) CAA (Q) TTT (F) CTT (L) CTG (L) CCC (P) GAC (D) CTC (L) CTG (L) CTG (L) GTC (V) ACT (T) GTC (V) :  ATT I 0.247 (I 0.470) ATT I 0.246 (I 0.479) ATT I 0.206 (I 0.403) GTC V 0.405 (V 0.580) GTC V 0.353 (V 0.523) CTT L 0.279 (L 0.570) CTT L 0.453 (L 0.861) CTT L 0.522 (L 0.939) CTT L 0.453 (L 0.861) CTC L 0.335 (L 0.887) CTG L 0.631 (L 0.913) CTG L 0.230 (L 0.506) ATT I 0.260 (I 0.519) ATT I 0.555 (I 0.996) ATC I 0.518 (I 0.999) ATC I 0.517 (I 0.999) ATT I 0.254 (I 0.468) ATT I 0.292 (I 0.500)
  10      1   AAA (K) AAG (K) AAG (K) AAG (K) AAC (N) AAT (N) TCT (S) ACT (T) GAA (E) AGT (S) GCT (A) TCA (S) GGA (G) CTG (L) CAA (Q) GCG (A) GTA (V) AAA (K) GGC (G) AAG (K) :  AAA K 0.351 (K 0.540) AAA K 0.398 (K 0.589) AAA K 0.478 (K 0.606) AAA K 0.584 (K 0.747) AAG K 0.347 (K 0.498) AAA K 0.454 (K 0.542) AAA K 0.364 (K 0.420) ACA T 0.268 (T 0.457) AAA K 0.364 (K 0.420) AAA K 0.279 (K 0.336) GCA A 0.172 (A 0.290) AAA K 0.360 (K 0.397) AAA K 0.320 (K 0.582) AAG K 0.982 (K 0.997) AAG K 0.985 (K 0.999) AAG K 0.955 (K 0.999) AAT N 0.356 (K 0.475) AAT N 0.377 (N 0.459)
  11      1   GAG (E) GAG (E) GAA (E) GAA (E) GAC (D) GAA (E) GAG (E) GAA (E) GAA (E) GAT (D) GAA (E) GAA (E) TGT (C) GAC (D) GAA (E) GAT (D) GAG (E) CAA (Q) GAC (D) GGC (G) :  GAA E 0.892 (E 0.911) GAA E 0.989 (E 0.999) GAA E 0.996 (E 1.000) GAA E 0.933 (E 0.959) GAC D 0.736 (D 0.770) GAA E 0.997 (E 1.000) GAA E 0.995 (E 1.000) GAA E 0.993 (E 0.998) GAA E 0.995 (E 1.000) GAA E 0.923 (E 0.992) GAA E 0.506 (E 0.938) GAA E 0.996 (E 0.999) GAA E 0.970 (E 0.999) GAA E 0.966 (E 1.000) GAA E 0.937 (E 1.000) GAG E 0.892 (E 1.000) GAA E 0.857 (E 0.884) GAA E 0.846 (E 0.881)
  12      1   CTA (L) TTG (L) TTA (L) CTA (L) ATT (I) TTA (L) GTC (V) TTA (L) TTA (L) ATT (I) ATT (I) CTT (L) TTG (L) CAC (H) TTG (L) TTG (L) CTC (L) TTG (L) GCG (A) TCC (S) :  TTA L 0.785 (L 0.877) TTA L 0.829 (L 0.908) TTA L 0.809 (L 0.903) TTG L 0.448 (L 0.823) TCG S 0.360 (S 0.718) TTA L 0.796 (L 0.887) TTA L 0.462 (L 0.602) TTT F 0.438 (F 0.457) TTA L 0.462 (L 0.602) TTA L 0.347 (L 0.697) TTG L 0.315 (L 0.686) TTA L 0.970 (L 0.987) TTA L 0.821 (L 0.905) TTA L 0.898 (L 0.999) TTA L 0.788 (L 0.999) TTA L 0.749 (L 0.999) TTA L 0.735 (L 0.837) TTA L 0.703 (L 0.824)
  13      1   GAT (D) GAT (D) GAT (D) GAC (D) GAT (D) GAT (D) AGT (S) GAC (D) GAC (D) GAT (D) GAT (D) GAT (D) GGT (G) GAT (D) AAC (N) GAC (D) AGC (S) AAC (N) GAA (E) GAC (D) :  GAT D 0.938 (D 1.000) GAT D 0.925 (D 1.000) GAT D 0.816 (D 1.000) GAC D 0.681 (D 0.985) GAC D 0.834 (D 0.985) GAT D 0.801 (D 1.000) GAT D 0.827 (D 1.000) GAT D 0.930 (D 1.000) GAT D 0.827 (D 1.000) GAC D 0.432 (D 0.795) GAC D 0.659 (D 0.773) GAC D 0.905 (D 1.000) GAT D 0.939 (D 0.996) GAT D 0.987 (D 1.000) GAT D 0.982 (D 1.000) GAT D 0.998 (D 1.000) GAT D 0.956 (D 1.000) GAT D 0.960 (D 1.000)
  14      1   GAC (D) GCC (A) GCT (A) GCT (A) GCC (A) GCT (A) GCT (A) TCA (S) TCT (S) TCA (S) AGT (S) TCT (S) GCG (A) GGG (G) GCA (A) TCT (S) TCG (S) TCT (S) TCC (S) CCG (P) :  GCT A 0.939 (A 0.986) GCT A 0.965 (A 0.977) TCT S 0.974 (S 0.986) TCT S 0.911 (S 0.992) TCG S 0.310 (S 0.945) TCT S 0.976 (S 0.996) TCT S 0.964 (S 0.997) TCT S 0.969 (S 0.983) TCT S 0.964 (S 0.997) TCT S 0.744 (S 0.988) TCT S 0.628 (S 0.992) TCT S 0.850 (S 0.999) GCT A 0.974 (A 0.989) GCT A 0.972 (A 1.000) GCT A 0.943 (A 1.000) GCC A 0.887 (A 0.997) GCT A 0.907 (A 0.990) GCT A 0.886 (A 0.988)
  15      1   GCT (A) GCT (A) GCT (A) GCT (A) GCT (A) GAT (D) GCA (A) AAC (N) GCT (A) GCT (A) GCT (A) GCT (A) GAG (E) CTA (L) TCC (S) GCG (A) CAT (H) GCT (A) CTG (L) CTC (L) :  GCT A 0.918 (A 0.933) GCT A 0.988 (A 0.993) GCT A 0.990 (A 0.995) GCT A 0.764 (A 0.828) CTC L 0.337 (L 0.713) GCT A 0.988 (A 0.994) GCT A 0.989 (A 0.995) GCT A 0.977 (A 0.986) GCT A 0.989 (A 0.995) GCT A 0.604 (A 0.743) GCT A 0.329 (A 0.489) GCT A 0.597 (A 0.720) GCT A 0.973 (A 0.988) GCT A 0.999 (A 0.999) GCT A 1.000 (A 1.000) GCT A 0.999 (A 1.000) GCT A 0.854 (A 0.875) GCT A 0.637 (A 0.674)
  16      1   ACT (T) ACT (T) ACT (T) ACT (T) ACT (T) ACT (T) ACG (T) ACT (T) ACT (T) ACT (T) ACT (T) ACT (T) CAG (Q) ACG (T) ACC (T) ACC (T) ACT (T) TCT (S) ACG (T) ACG (T) :  ACT T 0.981 (T 1.000) ACT T 0.996 (T 1.000) ACT T 0.998 (T 1.000) ACT T 0.906 (T 0.992) ACG T 0.843 (T 1.000) ACT T 0.999 (T 1.000) ACT T 0.996 (T 1.000) ACT T 0.992 (T 1.000) ACT T 0.996 (T 1.000) ACT T 0.773 (T 1.000) ACT T 0.637 (T 1.000) ACT T 0.995 (T 1.000) ACT T 0.986 (T 1.000) ACT T 1.000 (T 1.000) ACT T 1.000 (T 1.000) ACT T 1.000 (T 1.000) ACT T 0.974 (T 1.000) ACT T 0.944 (T 1.000)
  17      1   CCA (P) CCA (P) CCG (P) CCA (P) CCA (P) CCA (P) CCG (P) CCA (P) CCA (P) CCA (P) CCA (P) CCA (P) GCG (A) CCC (P) CCA (P) CCG (P) CCT (P) CCA (P) CCT (P) CCA (P) :  CCA P 0.983 (P 1.000) CCA P 0.994 (P 1.000) CCA P 0.998 (P 1.000) CCA P 0.974 (P 1.000) CCA P 0.832 (P 1.000) CCA P 0.999 (P 1.000) CCA P 0.998 (P 1.000) CCA P 0.993 (P 1.000) CCA P 0.998 (P 1.000) CCA P 0.901 (P 1.000) CCA P 0.388 (P 1.000) CCA P 0.995 (P 1.000) CCA P 0.968 (P 1.000) CCA P 0.943 (P 1.000) CCA P 0.990 (P 1.000) CCA P 0.999 (P 1.000) CCA P 0.976 (P 1.000) CCA P 0.946 (P 1.000)
  18      1   ATG (M) ATG (M) ATG (M) ATG (M) ATG (M) ATG (M) ATG (M) ATG (M) ATG (M) TTA (L) ATG (M) ATT (I) ATG (M) ATG (M) ATT (I) CTG (L) CTG (L) ATG (M) CTG (L) ATG (M) :  ATG M 1.000 (M 1.000) ATG M 1.000 (M 1.000) ATG M 1.000 (M 1.000) ATG M 1.000 (M 1.000) ATG M 0.995 (M 0.995) ATG M 1.000 (M 1.000) ATG M 0.990 (M 0.990) ATG M 0.986 (M 0.986) ATG M 0.990 (M 0.990) ATG M 0.928 (M 0.928) CTG L 0.795 (L 0.951) ATG M 1.000 (M 1.000) ATG M 1.000 (M 1.000) ATG M 1.000 (M 1.000) ATG M 1.000 (M 1.000) ATG M 1.000 (M 1.000) ATG M 1.000 (M 1.000) ATG M 1.000 (M 1.000)
  19      1   TTT (F) TTT (F) TTT (F) TTT (F) TTC (F) TTC (F) TTT (F) TTT (F) TTT (F) TTT (F) TTC (F) TTT (F) TTC (F) TTC (F) TTC (F) TTC (F) CTA (L) TTT (F) TTC (F) TTT (F) :  TTT F 0.735 (F 1.000) TTT F 0.956 (F 1.000) TTT F 0.969 (F 1.000) TTT F 0.964 (F 1.000) TTT F 0.835 (F 1.000) TTT F 0.969 (F 1.000) TTT F 0.942 (F 1.000) TTT F 0.889 (F 1.000) TTT F 0.942 (F 1.000) TTT F 0.619 (F 0.999) TTC F 0.605 (F 0.968) TTT F 0.994 (F 1.000) TTT F 0.968 (F 1.000) TTT F 1.000 (F 1.000) TTT F 1.000 (F 1.000) TTT F 1.000 (F 1.000) TTC F 0.509 (F 1.000) TTC F 0.642 (F 1.000)
  20      1   GAG (E) GAG (E) GAA (E) GAA (E) GAC (D) GAT (D) GAG (E) GAA (E) GAA (E) GAA (E) GCT (A) GAG (E) GAA (E) GAT (D) GAA (E) GAG (E) GGG (G) GAA (E) GAG (E) GAA (E) :  GAA E 0.851 (E 0.919) GAA E 0.951 (E 1.000) GAA E 0.963 (E 1.000) GAA E 0.961 (E 1.000) GAA E 0.833 (E 1.000) GAA E 0.963 (E 1.000) GAA E 0.928 (E 1.000) GAA E 0.668 (E 0.994) GAA E 0.928 (E 1.000) GAA E 0.841 (E 1.000) GAG E 0.734 (E 0.987) GAA E 0.993 (E 1.000) GAA E 0.936 (E 1.000) GAA E 0.950 (E 1.000) GAA E 0.922 (E 1.000) GAG E 0.894 (E 1.000) GAT D 0.621 (D 0.927) GAT D 0.753 (D 0.987)
  21      1   TAT (Y) TAT (Y) TAT (Y) TAC (Y) TAC (Y) TTG (L) TAC (Y) TTT (F) TTC (F) TTT (F) TTC (F) TTC (F) TTG (L) TCG (S) TTG (L) TTC (F) TTG (L) TTT (F) CTT (L) CTT (L) :  TTT F 0.590 (F 0.959) TTT F 0.651 (F 0.987) TTT F 0.665 (F 1.000) TTT F 0.883 (F 0.992) CTT L 0.943 (L 0.979) TTT F 0.636 (F 1.000) TTT F 0.568 (F 1.000) TTC F 0.778 (F 1.000) TTT F 0.568 (F 1.000) TTC F 0.440 (F 0.848) TTC F 0.581 (F 0.837) TTT F 0.625 (F 1.000) TAT Y 0.650 (Y 0.962) TAT Y 0.946 (Y 1.000) TAT Y 0.942 (Y 1.000) TAT Y 0.993 (Y 1.000) TTT F 0.531 (F 0.940) TTT F 0.334 (F 0.598)
  22      1   GAA (E) GAA (E) GAA (E) GAA (E) GAT (D) GAT (D) GAC (D) GAA (E) GAA (E) GAA (E) GAA (E) GAA (E) GAT (D) GAT (D) GAT (D) GAG (E) GAC (D) GAA (E) GAT (D) GAA (E) :  GAT D 0.778 (D 0.871) GAA E 0.919 (E 0.923) GAA E 0.997 (E 0.999) GAA E 0.988 (E 1.000) GAA E 0.943 (E 0.990) GAA E 0.999 (E 1.000) GAA E 0.997 (E 1.000) GAA E 0.995 (E 1.000) GAA E 0.997 (E 1.000) GAA E 0.655 (E 0.783) GAG E 0.399 (E 0.769) GAA E 0.997 (E 1.000) GAA E 0.916 (E 0.924) GAA E 1.000 (E 1.000) GAA E 1.000 (E 1.000) GAA E 1.000 (E 1.000) GAT D 0.920 (D 0.994) GAT D 0.937 (D 0.999)
  23      1   AAC (N) AAC (N) AAC (N) AAC (N) GAT (D) GAA (E) AAC (N) TCA (S) TCC (S) ACT (T) GCT (A) TCT (S) CCA (P) CCC (P) AAC (N) GGT (G) GGA (G) AAC (N) GCT (A) GCC (A) :  AAC N 0.374 (N 0.457) AAC N 0.481 (N 0.561) AAC N 0.309 (N 0.368) AAC N 0.331 (N 0.369) GCC A 0.600 (A 0.775) ACC T 0.413 (T 0.535) ACC T 0.286 (T 0.561) ACT T 0.322 (T 0.412) ACC T 0.286 (T 0.561) ACC T 0.147 (T 0.283) GGT G 0.274 (G 0.557) TCC S 0.655 (S 0.888) AAC N 0.616 (N 0.687) AAC N 0.997 (N 0.998) AAC N 0.999 (N 0.999) AAC N 0.999 (N 1.000) GAC D 0.276 (D 0.357) GAC D 0.278 (D 0.360)
  24      1   CTA (L) CTA (L) CTA (L) CTA (L) AAC (N) TCT (S) GTC (V) TTA (L) CTA (L) TTA (L) TTG (L) ACT (T) CCA (P) GCT (A) CAA (Q) CTC (L) GTC (V) TTG (L) GTC (V) GTT (V) :  TTA L 0.483 (L 0.655) TTA L 0.698 (L 0.897) TTA L 0.761 (L 0.933) TTA L 0.413 (L 0.785) GTT V 0.398 (V 0.822) TTA L 0.789 (L 0.952) TTA L 0.773 (L 0.941) TTA L 0.458 (L 0.707) TTA L 0.773 (L 0.941) TTA L 0.378 (L 0.802) CTC L 0.320 (L 0.534) TTA L 0.793 (L 0.985) TTA L 0.588 (L 0.887) CTA L 0.993 (L 0.999) CTA L 0.999 (L 1.000) CTA L 0.999 (L 1.000) TTA L 0.265 (L 0.394) TTT F 0.185 (S 0.335)
  25      1   GAA (E) GAA (E) GAA (E) GAA (E) CAA (Q) CTA (L) GAA (E) GAT (D) GAC (D) AAC (N) GAA (E) GAT (D) CAG (Q) TTG (L) GAT (D) GGC (G) GAC (D) GAA (E) GAG (E) GAA (E) :  CAA Q 0.906 (Q 0.921) GAA E 0.989 (E 0.997) GAA E 0.976 (E 0.990) GAA E 0.971 (E 1.000) GAA E 0.839 (E 1.000) GAT D 0.527 (D 0.971) GAT D 0.537 (D 0.994) GAT D 0.651 (D 0.987) GAT D 0.537 (D 0.994) GAT D 0.522 (D 0.998) GAC D 0.820 (D 0.985) GAT D 0.556 (D 0.999) GAA E 0.992 (E 1.000) GAA E 1.000 (E 1.000) GAA E 1.000 (E 1.000) GAA E 1.000 (E 1.000) CAA Q 0.964 (Q 0.987) CTA L 0.839 (L 0.899)
  26      1   AAC (N) AAC (N) AAT (N) AAT (N) AAT (N) GAT (D) AAC (N) GAT (D) GAT (D) GAT (D) AAT (N) AAG (K) CAT (H) GAA (E) GGT (G) GAC (D) AAT (N) GAC (D) GAC (D) GAC (D) :  GAT D 0.934 (D 0.956) GAT D 0.935 (D 0.955) GAT D 0.977 (D 0.999) GAC D 0.706 (D 1.000) GAC D 0.947 (D 1.000) GAT D 0.989 (D 0.999) GAT D 0.991 (D 0.999) AAT N 0.922 (N 0.944) GAT D 0.991 (D 0.999) GAT D 0.952 (D 0.995) GAT D 0.760 (D 0.980) GAT D 0.996 (D 1.000) AAT N 0.894 (N 0.934) AAT N 0.960 (N 1.000) AAT N 0.931 (N 1.000) AAC N 0.893 (N 1.000) GAT D 0.935 (D 0.956) GAT D 0.958 (D 0.990)
  27      1   TCT (S) TCT (S) TCT (S) TCT (S) CCA (P) CCA (P) CCT (P) CCA (P) CCA (P) GCT (A) CCA (P) TCT (S) CAG (Q) GAA (E) GTG (V) CCT (P) CAC (H) CCA (P) CCA (P) CCT (P) :  CCA P 0.775 (P 0.946) CCA P 0.741 (P 0.961) CCA P 0.768 (P 0.975) CCA P 0.795 (P 0.965) CCA P 0.580 (P 0.954) CCA P 0.764 (P 0.974) CCA P 0.630 (P 0.941) CCA P 0.539 (P 0.854) CCA P 0.630 (P 0.941) CCA P 0.342 (P 0.730) CCT P 0.298 (P 0.662) CCA P 0.963 (P 0.988) CCA P 0.425 (P 0.865) TCT S 0.992 (S 0.994) TCT S 0.998 (S 0.999) TCT S 0.999 (S 1.000) CCA P 0.822 (P 0.935) CCA P 0.796 (P 0.887)
  28      1   AAA (K) AAA (K) AAA (K) AAG (K) GAA (E) AAC (N) GAG (E) AAG (K) AAA (K) TCA (S) AAA (K) TCT (S) GAA (E) TCC (S) GAA (E) AAG (K) AAG (K) AAG (K) CAA (Q) CAA (Q) :  AAA K 0.829 (K 0.897) AAA K 0.913 (K 0.979) AAA K 0.919 (K 0.989) AAA K 0.685 (K 0.894) CAA Q 0.834 (Q 0.876) AAA K 0.921 (K 0.988) AAA K 0.891 (K 0.947) AAA K 0.721 (K 0.766) AAA K 0.891 (K 0.947) AAA K 0.723 (K 0.851) AAG K 0.635 (K 0.867) AAA K 0.778 (K 0.984) AAA K 0.894 (K 0.965) AAA K 0.984 (K 0.999) AAA K 0.979 (K 1.000) AAA K 0.997 (K 1.000) AAA K 0.736 (K 0.802) AAA K 0.451 (K 0.518)
  29      1   GAA (E) GAA (E) GAA (E) GAA (E) AAC (N) ACC (T) AAG (K) AAT (N) CAA (Q) TCA (S) AAT (N) GAA (E) ACA (T) AAA (K) ACT (T) ACC (T) GAG (E) AGT (S) GGA (G) GGC (G) :  AAA K 0.672 (K 0.707) AAA K 0.763 (K 0.785) AAA K 0.757 (K 0.772) AGA R 0.302 (R 0.333) GGA G 0.377 (G 0.791) AAA K 0.765 (K 0.778) AAA K 0.731 (K 0.745) AAA K 0.659 (K 0.680) AAA K 0.731 (K 0.745) AAA K 0.381 (K 0.454) AAG K 0.151 (K 0.280) AAA K 0.655 (K 0.677) AAA K 0.713 (K 0.746) GAA E 0.993 (E 0.993) GAA E 0.999 (E 0.999) GAA E 0.999 (E 0.999) AAA K 0.561 (K 0.605) AAA K 0.451 (K 0.501)
  30      1   TGG (W) TGG (W) TGG (W) TGG (W) TGG (W) TGG (W) TGG (W) TGG (W) TGG (W) TGG (W) TGG (W) TGG (W) TGG (W) TGG (W) TGG (W) TGG (W) TGG (W) TGG (W) TGG (W) TGG (W) :  TGG W 1.000 (W 1.000) TGG W 1.000 (W 1.000) TGG W 1.000 (W 1.000) TGG W 1.000 (W 1.000) TGG W 1.000 (W 1.000) TGG W 1.000 (W 1.000) TGG W 1.000 (W 1.000) TGG W 1.000 (W 1.000) TGG W 1.000 (W 1.000) TGG W 1.000 (W 1.000) TGG W 1.000 (W 1.000) TGG W 1.000 (W 1.000) TGG W 1.000 (W 1.000) TGG W 1.000 (W 1.000) TGG W 1.000 (W 1.000) TGG W 1.000 (W 1.000) TGG W 1.000 (W 1.000) TGG W 1.000 (W 1.000)
  31      1   ACA (T) ACT (T) ACT (T) ACC (T) ACT (T) ACC (T) ACG (T) ACT (T) ACT (T) ACT (T) ACT (T) ACT (T) GAA (E) GGG (G) ACT (T) TCG (S) TCG (S) GGT (G) AAC (N) ACT (T) :  ACT T 0.918 (T 0.989) ACT T 0.984 (T 0.999) ACT T 0.995 (T 0.998) ACT T 0.765 (T 0.788) ACT T 0.682 (T 0.831) ACT T 0.998 (T 0.999) ACT T 0.997 (T 0.999) ACT T 0.988 (T 0.995) ACT T 0.997 (T 0.999) ACT T 0.825 (T 0.941) TCG S 0.600 (S 0.871) ACT T 0.992 (T 0.997) ACT T 0.969 (T 0.996) ACT T 0.978 (T 1.000) ACT T 0.957 (T 1.000) ACT T 0.948 (T 1.000) ACT T 0.856 (T 0.983) ACT T 0.654 (T 0.959)
  32      1   TCC (S) TCT (S) TCT (S) TCT (S) TCT (S) TCT (S) TCG (S) TCT (S) TCC (S) TCC (S) CCT (P) TCT (S) CCT (P) TCT (S) TCG (S) TCG (S) TCT (S) TCT (S) TCG (S) TCT (S) :  TCT S 0.990 (S 1.000) TCT S 0.996 (S 1.000) TCT S 0.995 (S 1.000) TCT S 0.973 (S 1.000) TCT S 0.830 (S 1.000) TCT S 0.991 (S 1.000) TCT S 0.979 (S 1.000) TCT S 0.980 (S 0.995) TCT S 0.979 (S 1.000) TCT S 0.729 (S 1.000) TCT S 0.602 (S 1.000) TCT S 0.879 (S 1.000) TCT S 0.986 (S 1.000) TCT S 0.999 (S 1.000) TCT S 0.998 (S 1.000) TCT S 0.967 (S 1.000) TCT S 0.987 (S 1.000) TCT S 0.975 (S 1.000)
  33      1   TTG (L) TTG (L) TTG (L) TTG (L) TTG (L) TTG (L) CTG (L) TTA (L) TTA (L) TTG (L) TTA (L) TTG (L) CTG (L) CTC (L) TTG (L) CTC (L) TTG (L) TTG (L) CTC (L) CTT (L) :  TTG L 0.979 (L 1.000) TTG L 0.992 (L 1.000) TTG L 0.988 (L 1.000) TTG L 0.852 (L 1.000) CTT L 0.411 (L 1.000) TTG L 0.979 (L 1.000) TTG L 0.982 (L 1.000) TTG L 0.920 (L 1.000) TTG L 0.982 (L 1.000) TTG L 0.934 (L 1.000) TTG L 0.643 (L 1.000) TTA L 0.883 (L 1.000) TTG L 0.984 (L 1.000) TTG L 1.000 (L 1.000) TTG L 1.000 (L 1.000) TTG L 1.000 (L 1.000) TTG L 0.968 (L 1.000) TTG L 0.922 (L 1.000)
  34      1   TTT (F) TTC (F) TTT (F) TTC (F) TTT (F) TTC (F) TTC (F) TTC (F) TTT (F) TTC (F) TTT (F) TTC (F) TTT (F) TTT (F) TTT (F) TTT (F) TTT (F) TTC (F) TTC (F) TTT (F) :  TTC F 0.730 (F 1.000) TTC F 0.757 (F 1.000) TTC F 0.764 (F 1.000) TTC F 0.823 (F 1.000) TTC F 0.618 (F 1.000) TTC F 0.755 (F 1.000) TTC F 0.732 (F 1.000) TTC F 0.710 (F 1.000) TTC F 0.732 (F 1.000) TTT F 0.594 (F 1.000) TTT F 0.867 (F 1.000) TTC F 0.713 (F 1.000) TTC F 0.756 (F 1.000) TTC F 0.641 (F 1.000) TTC F 0.692 (F 1.000) TTC F 0.681 (F 1.000) TTC F 0.703 (F 1.000) TTC F 0.717 (F 1.000)
  35      1   GAC (D) GAC (D) GAT (D) GAC (D) GAC (D) GAT (D) GAC (D) GAA (E) GAT (D) GAT (D) GAT (D) GAT (D) GGT (G) GAC (D) GAC (D) GAT (D) GAC (D) GAC (D) GAC (D) GAA (E) :  GAC D 0.584 (D 1.000) GAC D 0.586 (D 1.000) GAC D 0.535 (D 1.000) GAC D 0.798 (D 1.000) GAC D 0.823 (D 0.970) GAT D 0.637 (D 1.000) GAT D 0.734 (D 1.000) GAT D 0.894 (D 1.000) GAT D 0.734 (D 1.000) GAT D 0.591 (D 1.000) GAT D 0.562 (D 1.000) GAT D 0.786 (D 0.982) GAC D 0.643 (D 1.000) GAC D 0.748 (D 1.000) GAC D 0.956 (D 1.000) GAC D 0.995 (D 1.000) GAC D 0.586 (D 1.000) GAC D 0.534 (D 1.000)
  36      1   AAT (N) AAT (N) AAC (N) AAC (N) GAT (D) GAT (D) AAT (N) AAT (N) AAC (N) AAT (N) AAC (N) AAC (N) ACT (T) GAT (D) AAT (N) GAC (D) GAC (D) AAC (N) GAT (D) GAT (D) :  AAT N 0.648 (N 0.915) AAT N 0.625 (N 0.999) AAT N 0.590 (N 1.000) AAT N 0.517 (N 0.992) GAT D 0.908 (D 0.986) AAT N 0.573 (N 1.000) AAT N 0.532 (N 1.000) AAC N 0.792 (N 1.000) AAT N 0.532 (N 1.000) AAT N 0.510 (N 0.988) GAC D 0.809 (D 0.966) AAT N 0.578 (N 1.000) AAT N 0.606 (N 1.000) AAC N 0.699 (N 1.000) AAC N 0.679 (N 1.000) AAT N 0.922 (N 1.000) GAT D 0.762 (D 0.948) GAT D 0.843 (D 0.990)
  37      1   GAC (D) GAT (D) GAC (D) GAC (D) GAT (D) GAC (D) GAC (D) GAT (D) GAT (D) GAT (D) GAC (D) GAT (D) GGT (G) GAG (E) GAT (D) GAC (D) GAT (D) GAC (D) GAC (D) GAC (D) :  GAC D 0.736 (D 1.000) GAC D 0.747 (D 1.000) GAC D 0.680 (D 1.000) GAC D 0.898 (D 1.000) GAC D 0.974 (D 1.000) GAT D 0.590 (D 1.000) GAT D 0.672 (D 1.000) GAT D 0.658 (D 1.000) GAT D 0.672 (D 1.000) GAT D 0.716 (D 1.000) GAT D 0.627 (D 1.000) GAT D 0.950 (D 1.000) GAC D 0.822 (D 1.000) GAC D 0.992 (D 1.000) GAC D 0.992 (D 1.000) GAC D 0.962 (D 1.000) GAC D 0.726 (D 1.000) GAC D 0.763 (D 0.998)
  38      1   ATT (I) ATT (I) ATT (I) ATC (I) GTC (V) ATC (I) ATC (I) CTA (L) ATC (I) ATT (I) ATT (I) ATC (I) GAG (E) ATT (I) ATC (I) ATA (I) ATA (I) ATC (I) ATT (I) ATT (I) :  ATC I 0.802 (I 0.996) ATC I 0.790 (I 1.000) ATC I 0.796 (I 1.000) ATC I 0.765 (I 1.000) ATT I 0.871 (I 1.000) ATC I 0.795 (I 1.000) ATC I 0.765 (I 1.000) ATC I 0.736 (I 1.000) ATC I 0.765 (I 1.000) ATC I 0.724 (I 1.000) ATA I 0.797 (I 1.000) ATC I 0.766 (I 0.993) ATC I 0.737 (I 1.000) ATT I 0.884 (I 1.000) ATT I 0.882 (I 1.000) ATT I 0.986 (I 1.000) ATC I 0.825 (I 0.995) ATC I 0.824 (I 0.999)
  39      1   CCA (P) CCC (P) CCA (P) CCT (P) GAG (E) CCA (P) CCC (P) CCA (P) CCA (P) CCT (P) GCT (A) CCT (P) GAT (D) CCT (P) CCA (P) CCG (P) CCC (P) CCC (P) GCA (A) GCT (A) :  CCA P 0.681 (P 0.996) CCA P 0.694 (P 1.000) CCA P 0.667 (P 1.000) CCA P 0.394 (P 0.995) GCT A 0.445 (A 0.991) CCA P 0.661 (P 1.000) CCT P 0.482 (P 1.000) CCT P 0.805 (P 0.997) CCT P 0.482 (P 1.000) CCA P 0.479 (P 1.000) CCG P 0.305 (P 1.000) CCA P 0.962 (P 1.000) CCA P 0.699 (P 1.000) CCA P 0.850 (P 1.000) CCA P 0.824 (P 1.000) CCA P 0.826 (P 1.000) CCA P 0.688 (P 0.995) CCA P 0.700 (P 0.999)
  40      1   GTT (V) GTT (V) GTT (V) GTC (V) ATT (I) GTC (V) GTC (V) ATC (I) ATC (I) GTC (V) GTT (V) GTT (V) GCA (A) ATT (I) GTC (V) GTG (V) GTG (V) GTC (V) GTT (V) GTT (V) :  GTC V 0.632 (V 0.995) GTC V 0.653 (V 1.000) GTC V 0.692 (V 1.000) GTC V 0.685 (V 1.000) GTT V 0.871 (V 1.000) GTC V 0.712 (V 1.000) GTC V 0.688 (V 1.000) GTT V 0.709 (V 1.000) GTC V 0.688 (V 1.000) GTC V 0.658 (V 1.000) GTG V 0.688 (V 1.000) ATC I 0.953 (I 0.990) GTC V 0.608 (V 1.000) GTT V 0.904 (V 1.000) GTT V 0.902 (V 1.000) GTT V 0.988 (V 1.000) GTC V 0.584 (V 0.946) GTC V 0.604 (V 0.944)
