Supplemental results for CODEML (seqf: ../../gcn4_ygob_nt_muscle.phy  treef: ./tree_unrooted_pos_selection.nwk)


TREE #  1


dN/dS (w) for site classes (K=4)

site class             0        1       2a       2b
proportion       0.64259  0.31929  0.02547  0.01266
background w     0.07938  1.00000  0.07938  1.00000
foreground w     0.07938  1.00000  4.43792  4.43792

Naive Empirical Bayes (NEB) probabilities for 4 classes
(amino acids refer to 1st sequence: YEL009C)

   1 P   0.00000 0.95057 0.00000 0.04943 ( 2)
   2 S   0.00000 0.96676 0.00000 0.03324 ( 2)
   3 L   0.00109 0.94155 0.00157 0.05580 ( 2)
   4 F   0.99587 0.00000 0.00412 0.00000 ( 1)
   5 E   0.00013 0.98691 0.00000 0.01296 ( 2)
   6 D   0.00000 0.95640 0.00000 0.04360 ( 2)
   7 P   0.00006 0.98642 0.00000 0.01352 ( 2)
   8 I   0.00000 0.96296 0.00000 0.03704 ( 2)
   9 I   0.00000 0.97782 0.00000 0.02218 ( 2)
  10 K   0.00000 0.98525 0.00000 0.01475 ( 2)
  11 E   0.64651 0.08366 0.26590 0.00393 ( 1)
  12 L   0.00537 0.97712 0.00006 0.01745 ( 2)
  13 D   0.81011 0.00083 0.18903 0.00003 ( 1)
  14 D   0.91791 0.07536 0.00570 0.00103 ( 1)
  15 A   0.00022 0.98345 0.00000 0.01633 ( 2)
  16 T   0.68162 0.00000 0.31838 0.00000 ( 1)
  17 P   0.99358 0.00000 0.00642 0.00000 ( 1)
  18 M   0.99728 0.00000 0.00272 0.00000 ( 1)
  19 F   0.99599 0.00000 0.00401 0.00000 ( 1)
  20 E   0.99535 0.00000 0.00465 0.00000 ( 1)
  21 Y   0.97492 0.01940 0.00546 0.00021 ( 1)
  22 E   0.99535 0.00000 0.00465 0.00000 ( 1)
  23 N   0.00000 0.95714 0.00000 0.04286 ( 2)
  24 L   0.00000 0.97900 0.00000 0.02100 ( 2)
  25 E   0.99243 0.00288 0.00466 0.00003 ( 1)
  26 N   0.99297 0.00273 0.00428 0.00003 ( 1)
  27 S   0.10653 0.88194 0.00069 0.01083 ( 2)
  28 K   0.00036 0.98473 0.00000 0.01491 ( 2)
  29 E   0.00000 0.95885 0.00000 0.04115 ( 2)
  30 W   0.99504 0.00000 0.00496 0.00000 ( 1)
  31 T   0.04283 0.02872 0.92472 0.00372 ( 3)
  32 S   0.99407 0.00000 0.00593 0.00000 ( 1)
  33 L   0.99242 0.00000 0.00758 0.00000 ( 1)
  34 F   0.99571 0.00000 0.00429 0.00000 ( 1)
  35 D   0.99577 0.00000 0.00423 0.00000 ( 1)
  36 N   0.99344 0.00000 0.00656 0.00000 ( 1)
  37 D   0.99602 0.00000 0.00398 0.00000 ( 1)
  38 I   0.99509 0.00000 0.00491 0.00000 ( 1)
  39 P   0.98986 0.00206 0.00805 0.00003 ( 1)
  40 V   0.99408 0.00000 0.00592 0.00000 ( 1)
  41 T   0.05980 0.92673 0.00046 0.01301 ( 2)
  42 T   0.00002 0.96868 0.00000 0.03131 ( 2)
  43 D   0.00129 0.93988 0.00614 0.05269 ( 2)
  44 D   0.99536 0.00000 0.00464 0.00000 ( 1)
  45 V   0.84645 0.00000 0.15354 0.00000 ( 1)
  46 I   0.00108 0.98681 0.00001 0.01210 ( 2)
  47 E   0.83246 0.16055 0.00503 0.00196 ( 1)
  48 S   0.00000 0.93511 0.00000 0.06489 ( 2)
  49 T   0.00125 0.97432 0.00002 0.02441 ( 2)
  50 E   0.00000 0.86503 0.00000 0.13497 ( 2)
  51 E   0.00004 0.98980 0.00000 0.01016 ( 2)
  52 V   0.00000 0.96363 0.00000 0.03637 ( 2)
  53 S   0.00000 0.97797 0.00000 0.02203 ( 2)
  54 T   0.00000 0.96307 0.00000 0.03693 ( 2)
  55 T   0.00000 0.96387 0.00000 0.03612 ( 2)
  56 S   0.35044 0.63978 0.00225 0.00754 ( 2)
  57 F   0.99605 0.00000 0.00395 0.00000 ( 1)
  58 L   0.98681 0.00000 0.01319 0.00000 ( 1)
  59 P   0.99356 0.00000 0.00644 0.00000 ( 1)
  60 T   0.99406 0.00000 0.00594 0.00000 ( 1)
  61 P   0.99368 0.00000 0.00632 0.00000 ( 1)
  62 V   0.01489 0.97387 0.00009 0.01115 ( 2)
  63 L   0.99198 0.00329 0.00470 0.00003 ( 1)
  64 E   0.99541 0.00000 0.00459 0.00000 ( 1)
  65 D   0.99574 0.00039 0.00386 0.00000 ( 1)
  66 A   0.10319 0.88528 0.00066 0.01088 ( 2)
  67 K   0.00141 0.98884 0.00001 0.00974 ( 2)
  68 L   0.96502 0.01734 0.01719 0.00045 ( 1)
  69 T   0.00000 0.96587 0.00000 0.03413 ( 2)
  70 Q   0.00000 0.95969 0.00000 0.04031 ( 2)
  71 T   0.00000 0.91718 0.00000 0.08282 ( 2)
  72 D   0.00000 0.97199 0.00000 0.02801 ( 2)
  73 D   0.00000 0.98382 0.00000 0.01618 ( 2)
  74 E   0.00000 0.95636 0.00000 0.04364 ( 2)
  75 S   0.00000 0.97447 0.00000 0.02553 ( 2)
  76 R   0.99519 0.00000 0.00481 0.00000 ( 1)
  77 L   0.00052 0.82963 0.01923 0.15063 ( 2)
  78 D   0.99576 0.00000 0.00424 0.00000 ( 1)
  79 H   0.99517 0.00000 0.00483 0.00000 ( 1)
  80 L   0.98767 0.00000 0.01233 0.00000 ( 1)
  81 G   0.99423 0.00000 0.00577 0.00000 ( 1)
  82 V   0.99413 0.00000 0.00587 0.00000 ( 1)
  83 V   0.75580 0.00000 0.24420 0.00000 ( 1)
  84 A   0.00032 0.97473 0.00001 0.02494 ( 2)
  85 Y   0.99448 0.00000 0.00552 0.00000 ( 1)
  86 N   0.99477 0.00000 0.00523 0.00000 ( 1)
  87 R   0.99408 0.00000 0.00592 0.00000 ( 1)
  88 K   0.99430 0.00000 0.00570 0.00000 ( 1)
  89 Q   0.00003 0.94642 0.00000 0.05355 ( 2)
  90 R   0.99418 0.00000 0.00582 0.00000 ( 1)
  91 S   0.03956 0.94329 0.00040 0.01675 ( 2)
  92 I   0.00142 0.85891 0.02972 0.10995 ( 2)
  93 P   0.99350 0.00000 0.00650 0.00000 ( 1)
  94 L   0.99309 0.00000 0.00691 0.00000 ( 1)
  95 S   0.99407 0.00000 0.00593 0.00000 ( 1)
  96 P   0.99356 0.00000 0.00644 0.00000 ( 1)
  97 I   0.76629 0.00000 0.23371 0.00000 ( 1)
  98 V   0.97350 0.02158 0.00469 0.00023 ( 1)
  99 P   0.99207 0.00193 0.00598 0.00002 ( 1)
 100 E   0.99538 0.00000 0.00462 0.00000 ( 1)
 101 S   0.99124 0.00011 0.00865 0.00000 ( 1)
 102 S   0.99573 0.00005 0.00422 0.00000 ( 1)
 103 D   0.99618 0.00000 0.00382 0.00000 ( 1)
 104 P   0.99392 0.00000 0.00608 0.00000 ( 1)
 105 A   0.76142 0.00143 0.23711 0.00004 ( 1)
 106 A   0.99401 0.00001 0.00598 0.00000 ( 1)
 107 L   0.99447 0.00046 0.00506 0.00001 ( 1)
 108 K   0.99354 0.00000 0.00646 0.00000 ( 1)
 109 R   0.99414 0.00000 0.00586 0.00000 ( 1)
 110 A   0.99402 0.00000 0.00598 0.00000 ( 1)
 111 R   0.99207 0.00001 0.00792 0.00000 ( 1)
 112 N   0.99629 0.00000 0.00371 0.00000 ( 1)
 113 T   0.99409 0.00000 0.00591 0.00000 ( 1)
 114 E   0.99538 0.00000 0.00462 0.00000 ( 1)
 115 A   0.99402 0.00000 0.00598 0.00000 ( 1)
 116 A   0.99382 0.00000 0.00618 0.00000 ( 1)
 117 R   0.99436 0.00000 0.00564 0.00000 ( 1)
 118 R   0.99414 0.00000 0.00586 0.00000 ( 1)
 119 S   0.99400 0.00000 0.00600 0.00000 ( 1)
 120 R   0.99372 0.00000 0.00628 0.00000 ( 1)
 121 A   0.99395 0.00000 0.00605 0.00000 ( 1)
 122 R   0.99436 0.00000 0.00564 0.00000 ( 1)
 123 K   0.99555 0.00000 0.00445 0.00000 ( 1)
 124 L   0.98957 0.00000 0.01043 0.00000 ( 1)
 125 Q   0.99463 0.00000 0.00537 0.00000 ( 1)
 126 R   0.99436 0.00000 0.00564 0.00000 ( 1)
 127 M   0.99728 0.00000 0.00272 0.00000 ( 1)
 128 K   0.99580 0.00000 0.00420 0.00000 ( 1)
 129 Q   0.99459 0.00000 0.00541 0.00000 ( 1)
 130 L   0.99210 0.00000 0.00790 0.00000 ( 1)
 131 E   0.99538 0.00000 0.00462 0.00000 ( 1)
 132 D   0.03347 0.00196 0.96418 0.00038 ( 3)
 133 K   0.99530 0.00000 0.00470 0.00000 ( 1)
 134 V   0.99414 0.00000 0.00586 0.00000 ( 1)
 135 E   0.99539 0.00000 0.00461 0.00000 ( 1)
 136 E   0.98631 0.00899 0.00461 0.00008 ( 1)
 137 L   0.98919 0.00000 0.01081 0.00000 ( 1)
 138 L   0.99022 0.00000 0.00978 0.00000 ( 1)
 139 S   0.00001 0.98133 0.00000 0.01866 ( 2)
 140 K   0.98992 0.00108 0.00898 0.00001 ( 1)
 141 N   0.99590 0.00000 0.00410 0.00000 ( 1)
 142 Y   0.00002 0.97953 0.00000 0.02046 ( 2)
 143 H   0.85904 0.13567 0.00402 0.00126 ( 1)
 144 L   0.98854 0.00000 0.01146 0.00000 ( 1)
 145 E   0.99443 0.00000 0.00557 0.00000 ( 1)
 146 N   0.00068 0.97440 0.00009 0.02483 ( 2)
 147 E   0.99418 0.00000 0.00582 0.00000 ( 1)
 148 V   0.99398 0.00000 0.00602 0.00000 ( 1)
 149 A   0.00000 0.96941 0.00000 0.03059 ( 2)
 150 R   0.99283 0.00000 0.00717 0.00000 ( 1)
 151 L   0.99294 0.00000 0.00706 0.00000 ( 1)
 152 K   0.38394 0.60626 0.00227 0.00754 ( 2)
 153 K   0.00000 0.92735 0.00000 0.07265 ( 2)
 154 L   0.99053 0.00003 0.00944 0.00000 ( 1)
 155 V   0.99136 0.00000 0.00864 0.00000 ( 1)
 156 G   0.00000 0.98633 0.00000 0.01367 ( 2)
 157 E   0.00000 0.95211 0.00000 0.04789 ( 2)
 158 R   0.00000 0.98539 0.00000 0.01461 ( 2)


lnL = -7436.075576

Bayes Empirical Bayes (BEB) probabilities for 4 classes (class)
(amino acids refer to 1st sequence: YEL009C)

   1 P   0.00000 0.93185 0.00000 0.06815 ( 2)
   2 S   0.00000 0.94945 0.00000 0.05055 ( 2)
   3 L   0.00003 0.92390 0.00009 0.07598 ( 2)
   4 F   0.98918 0.00002 0.01080 0.00000 ( 1)
   5 E   0.00000 0.97324 0.00000 0.02676 ( 2)
   6 D   0.00000 0.93856 0.00000 0.06144 ( 2)
   7 P   0.00000 0.97257 0.00000 0.02743 ( 2)
   8 I   0.00000 0.94500 0.00000 0.05500 ( 2)
   9 I   0.00000 0.96262 0.00000 0.03738 ( 2)
  10 K   0.00000 0.97124 0.00000 0.02876 ( 2)
  11 E   0.16409 0.65223 0.14151 0.04217 ( 2)
  12 L   0.00033 0.96793 0.00001 0.03173 ( 2)
  13 D   0.66329 0.01101 0.32520 0.00050 ( 1)
  14 D   0.47973 0.49928 0.00676 0.01423 ( 2)
  15 A   0.00000 0.96952 0.00000 0.03047 ( 2)
  16 T   0.52771 0.00000 0.47229 0.00000 ( 1)
  17 P   0.98558 0.00000 0.01442 0.00000 ( 1)
  18 M   0.99171 0.00000 0.00829 0.00000 ( 1)
  19 F   0.98934 0.00000 0.01066 0.00000 ( 1)
  20 E   0.98809 0.00000 0.01191 0.00000 ( 1)
  21 Y   0.72010 0.26386 0.00935 0.00670 ( 1)
  22 E   0.98806 0.00001 0.01192 0.00000 ( 1)
  23 N   0.00000 0.93940 0.00000 0.06060 ( 2)
  24 L   0.00000 0.96416 0.00000 0.03584 ( 2)
  25 E   0.96657 0.02126 0.01166 0.00050 ( 1)
  26 N   0.94466 0.04372 0.01053 0.00109 ( 1)
  27 S   0.00356 0.97083 0.00005 0.02556 ( 2)
  28 K   0.00000 0.97104 0.00000 0.02896 ( 2)
  29 E   0.00000 0.94142 0.00000 0.05858 ( 2)
  30 W   0.98730 0.00000 0.01270 0.00000 ( 1)
  31 T   0.01350 0.20078 0.75769 0.02802 ( 3)
  32 S   0.98609 0.00000 0.01391 0.00000 ( 1)
  33 L   0.98373 0.00000 0.01627 0.00000 ( 1)
  34 F   0.98900 0.00000 0.01100 0.00000 ( 1)
  35 D   0.98904 0.00000 0.01096 0.00000 ( 1)
  36 N   0.98571 0.00000 0.01429 0.00000 ( 1)
  37 D   0.98934 0.00000 0.01066 0.00000 ( 1)
  38 I   0.98774 0.00000 0.01226 0.00000 ( 1)
  39 P   0.96566 0.01722 0.01660 0.00052 ( 1)
  40 V   0.98609 0.00001 0.01390 0.00000 ( 1)
  41 T   0.00201 0.97034 0.00003 0.02761 ( 2)
  42 T   0.00000 0.95224 0.00000 0.04776 ( 2)
  43 D   0.00001 0.92711 0.00020 0.07267 ( 2)
  44 D   0.98853 0.00000 0.01147 0.00000 ( 1)
  45 V   0.72915 0.00001 0.27084 0.00000 ( 1)
  46 I   0.00001 0.97422 0.00000 0.02577 ( 2)
  47 E   0.20508 0.77181 0.00278 0.02033 ( 2)
  48 S   0.00000 0.91352 0.00000 0.08648 ( 2)
  49 T   0.00001 0.96038 0.00000 0.03961 ( 2)
  50 E   0.00000 0.83613 0.00000 0.16387 ( 2)
  51 E   0.00000 0.97667 0.00000 0.02333 ( 2)
  52 V   0.00000 0.94592 0.00000 0.05408 ( 2)
  53 S   0.00000 0.96275 0.00000 0.03725 ( 2)
  54 T   0.00000 0.94555 0.00000 0.05445 ( 2)
  55 T   0.00000 0.94623 0.00000 0.05377 ( 2)
  56 S   0.02304 0.95187 0.00033 0.02475 ( 2)
  57 F   0.98941 0.00000 0.01059 0.00000 ( 1)
  58 L   0.97655 0.00000 0.02345 0.00000 ( 1)
  59 P   0.98554 0.00000 0.01446 0.00000 ( 1)
  60 T   0.98608 0.00000 0.01392 0.00000 ( 1)
  61 P   0.98564 0.00000 0.01436 0.00000 ( 1)
  62 V   0.00027 0.97482 0.00000 0.02490 ( 2)
  63 L   0.94884 0.03872 0.01150 0.00095 ( 1)
  64 E   0.98817 0.00000 0.01183 0.00000 ( 1)
  65 D   0.98475 0.00468 0.01046 0.00010 ( 1)
  66 A   0.00335 0.97059 0.00005 0.02602 ( 2)
  67 K   0.00002 0.97710 0.00000 0.02287 ( 2)
  68 L   0.89547 0.07405 0.02722 0.00325 ( 1)
  69 T   0.00000 0.94816 0.00000 0.05184 ( 2)
  70 Q   0.00000 0.94141 0.00000 0.05859 ( 2)
  71 T   0.00000 0.89815 0.00000 0.10185 ( 2)
  72 D   0.00000 0.95587 0.00000 0.04413 ( 2)
  73 D   0.00000 0.96964 0.00000 0.03036 ( 2)
  74 E   0.00000 0.93522 0.00000 0.06478 ( 2)
  75 S   0.00000 0.95884 0.00000 0.04116 ( 2)
  76 R   0.98789 0.00000 0.01211 0.00000 ( 1)
  77 L   0.00001 0.81222 0.00109 0.18668 ( 2)
  78 D   0.98902 0.00000 0.01098 0.00000 ( 1)
  79 H   0.98832 0.00000 0.01168 0.00000 ( 1)
  80 L   0.97759 0.00000 0.02241 0.00000 ( 1)
  81 G   0.98629 0.00000 0.01371 0.00000 ( 1)
  82 V   0.98617 0.00000 0.01383 0.00000 ( 1)
  83 V   0.60400 0.00000 0.39600 0.00000 ( 1)
  84 A   0.00000 0.95914 0.00000 0.04085 ( 2)
  85 Y   0.98658 0.00000 0.01342 0.00000 ( 1)
  86 N   0.98778 0.00000 0.01222 0.00000 ( 1)
  87 R   0.98608 0.00000 0.01392 0.00000 ( 1)
  88 K   0.98681 0.00000 0.01319 0.00000 ( 1)
  89 Q   0.00000 0.92537 0.00000 0.07463 ( 2)
  90 R   0.98623 0.00000 0.01377 0.00000 ( 1)
  91 S   0.00116 0.96659 0.00002 0.03222 ( 2)
  92 I   0.00003 0.86254 0.00168 0.13575 ( 2)
  93 P   0.98539 0.00000 0.01461 0.00000 ( 1)
  94 L   0.98456 0.00000 0.01544 0.00000 ( 1)
  95 S   0.98609 0.00000 0.01391 0.00000 ( 1)
  96 P   0.98554 0.00000 0.01446 0.00000 ( 1)
  97 I   0.62131 0.00000 0.37869 0.00000 ( 1)
  98 V   0.75892 0.22618 0.00919 0.00571 ( 1)
  99 P   0.96988 0.01598 0.01374 0.00041 ( 1)
 100 E   0.98813 0.00000 0.01187 0.00000 ( 1)
 101 S   0.98162 0.00058 0.01778 0.00002 ( 1)
 102 S   0.98873 0.00032 0.01094 0.00001 ( 1)
 103 D   0.98953 0.00000 0.01047 0.00000 ( 1)
 104 P   0.98589 0.00000 0.01411 0.00000 ( 1)
 105 A   0.60877 0.00898 0.38188 0.00037 ( 1)
 106 A   0.98602 0.00003 0.01395 0.00000 ( 1)
 107 L   0.98606 0.00229 0.01159 0.00007 ( 1)
 108 K   0.98588 0.00000 0.01412 0.00000 ( 1)
 109 R   0.98618 0.00000 0.01382 0.00000 ( 1)
 110 A   0.98604 0.00000 0.01396 0.00000 ( 1)
 111 R   0.98321 0.00001 0.01677 0.00000 ( 1)
 112 N   0.98965 0.00000 0.01035 0.00000 ( 1)
 113 T   0.98611 0.00000 0.01389 0.00000 ( 1)
 114 E   0.98813 0.00000 0.01187 0.00000 ( 1)
 115 A   0.98605 0.00000 0.01395 0.00000 ( 1)
 116 A   0.98569 0.00000 0.01431 0.00000 ( 1)
 117 R   0.98648 0.00000 0.01352 0.00000 ( 1)
 118 R   0.98617 0.00000 0.01383 0.00000 ( 1)
 119 S   0.98600 0.00000 0.01400 0.00000 ( 1)
 120 R   0.98559 0.00000 0.01441 0.00000 ( 1)
 121 A   0.98593 0.00000 0.01407 0.00000 ( 1)
 122 R   0.98648 0.00000 0.01352 0.00000 ( 1)
 123 K   0.98831 0.00000 0.01169 0.00000 ( 1)
 124 L   0.97983 0.00001 0.02017 0.00000 ( 1)
 125 Q   0.98683 0.00000 0.01317 0.00000 ( 1)
 126 R   0.98648 0.00000 0.01352 0.00000 ( 1)
 127 M   0.99172 0.00000 0.00828 0.00000 ( 1)
 128 K   0.98905 0.00000 0.01095 0.00000 ( 1)
 129 Q   0.98680 0.00000 0.01320 0.00000 ( 1)
 130 L   0.98332 0.00000 0.01668 0.00000 ( 1)
 131 E   0.98813 0.00000 0.01187 0.00000 ( 1)
 132 D   0.01412 0.01620 0.96661 0.00308 ( 3)
 133 K   0.98803 0.00000 0.01197 0.00000 ( 1)
 134 V   0.98619 0.00000 0.01381 0.00000 ( 1)
 135 E   0.98814 0.00000 0.01186 0.00000 ( 1)
 136 E   0.85241 0.13424 0.01022 0.00313 ( 1)
 137 L   0.97979 0.00000 0.02021 0.00000 ( 1)
 138 L   0.98110 0.00000 0.01890 0.00000 ( 1)
 139 S   0.00000 0.96681 0.00000 0.03319 ( 2)
 140 K   0.97303 0.00830 0.01845 0.00022 ( 1)
 141 N   0.98917 0.00000 0.01083 0.00000 ( 1)
 142 Y   0.00000 0.96426 0.00000 0.03574 ( 2)
 143 H   0.18416 0.79547 0.00216 0.01821 ( 2)
 144 L   0.97849 0.00000 0.02151 0.00000 ( 1)
 145 E   0.98695 0.00000 0.01305 0.00000 ( 1)
 146 N   0.00000 0.95931 0.00000 0.04069 ( 2)
 147 E   0.98664 0.00000 0.01336 0.00000 ( 1)
 148 V   0.98592 0.00000 0.01408 0.00000 ( 1)
 149 A   0.00000 0.95312 0.00000 0.04688 ( 2)
 150 R   0.98445 0.00001 0.01555 0.00000 ( 1)
 151 L   0.98439 0.00000 0.01561 0.00000 ( 1)
 152 K   0.01884 0.95562 0.00025 0.02528 ( 2)
 153 K   0.00000 0.90396 0.00000 0.09604 ( 2)
 154 L   0.98144 0.00004 0.01852 0.00000 ( 1)
 155 V   0.98207 0.00000 0.01792 0.00000 ( 1)
 156 G   0.00000 0.97252 0.00000 0.02748 ( 2)
 157 E   0.00000 0.93326 0.00000 0.06674 ( 2)
 158 R   0.00000 0.97139 0.00000 0.02861 ( 2)

Ancestral reconstruction by CODONML.

(ZYRO0D091: 5.044171, (((SAKL0F050: 0.577896, (Kwal_55.2: 0.578422, KLTH0F127: 0.901274): 0.876818): 0.513560, (((TPHA0L006: 0.817656, Kpol_487.: 0.679588): 0.254729, (((ADL012C: 1.049198, Ecym_4497: 1.092911): 0.806360, KLLA0D141: 1.290173): 0.320957, TBLA0A009: 1.062380): 0.000004): 0.109145, (NCAS0I001: 0.415264, NDAI0A086: 0.518473): 0.478562): 0.050088): 0.064096, (KNAG0L008: 1.509799, (Skud_5.91: 0.202468, (Suva_5.73: 0.267954, (YEL009C: 0.211996, Smik_5.10: 0.209068): 0.104847): 0.046348): 0.462666): 0.219030): 0.107934, (CAGL0L024: 1.430221, (TDEL0H029: 2.094620, KAFR0L005: 0.875751): 0.184132): 0.137559);

(13, (((18, (20, 19)), (((11, 12), (((16, 17), 15), 10)), (8, 9))), (7, (3, (4, (1, 2))))), (5, (14, 6)));

  21..13   21..22   22..23   23..24   24..18   24..25   25..20   25..19   23..26   26..27   27..28   28..11   28..12   27..29   29..30   30..31   31..16   31..17   30..15   29..10   26..32   32..8    32..9    22..33   33..7    33..34   34..3    34..35   35..4    35..36   36..1    36..2    21..37   37..5    37..38   38..14   38..6  

tree with node labels for Rod Page's TreeView
(13_ZYRO0D091, (((18_SAKL0F050, (20_Kwal_55.2, 19_KLTH0F127) 25 ) 24 , (((11_TPHA0L006, 12_Kpol_487.) 28 , (((16_ADL012C, 17_Ecym_4497) 31 , 15_KLLA0D141) 30 , 10_TBLA0A009) 29 ) 27 , (8_NCAS0I001, 9_NDAI0A086) 32 ) 26 ) 23 , (7_KNAG0L008, (3_Skud_5.91, (4_Suva_5.73, (1_YEL009C, 2_Smik_5.10) 36 ) 35 ) 34 ) 33 ) 22 , (5_CAGL0L024, (14_TDEL0H029, 6_KAFR0L005) 38 ) 37 ) 21 ;

Nodes 21 to 38 are ancestral

(1) Marginal reconstruction of ancestral sequences
(eqn. 4 in Yang et al. 1995 Genetics 141:1641-1650).

Prob of best state at each node, listed by site

   site   Freq   Data: 

   1      1   CCA (P) CCA (P) CGA (R) CCA (P) ATG (M) TAC (Y) CCA (P) CAA (Q) CTT (L) ATG (M) TCC (S) CCA (P) CAA (Q) ATG (M) ATG (M) ATT (I) GCA (A) CAG (Q) CCT (P) CCT (P) :  CCA P 0.292 (P 0.472) CCA P 0.431 (P 0.610) CCA P 0.419 (P 0.604) CCG P 0.296 (P 0.521) CCT P 0.754 (P 0.888) CCA P 0.411 (P 0.587) CCA P 0.364 (P 0.539) CCA P 0.493 (P 0.695) CCA P 0.364 (P 0.539) CCA P 0.135 (L 0.259) ACA T 0.122 (T 0.218) CTA L 0.369 (L 0.488) CCA P 0.637 (P 0.752) CCA P 0.907 (P 0.908) CCA P 0.988 (P 0.988) CCA P 0.998 (P 0.999) CCA P 0.163 (L 0.337) CTA L 0.086 (L 0.301)
   2      1   AGT (S) AGT (S) AGT (S) AGT (S) AAA (K) AAC (N) AGT (S) AGT (S) CTT (L) TCA (S) AAT (N) AAT (N) AGT (S) TCT (S) AAC (N) TCG (S) AGT (S) TCC (S) TCT (S) TCC (S) :  AAT N 0.480 (N 0.534) AAT N 0.468 (N 0.492) AAT N 0.466 (N 0.489) TCC S 0.357 (S 0.624) TCC S 0.546 (S 0.894) AAT N 0.483 (N 0.501) AAT N 0.566 (N 0.586) AAT N 0.805 (N 0.821) AAT N 0.566 (N 0.586) AAT N 0.429 (N 0.511) AGT S 0.199 (S 0.277) AGT S 0.509 (S 0.514) AGT S 0.666 (S 0.686) AGT S 0.997 (S 0.997) AGT S 0.999 (S 0.999) AGT S 0.999 (S 1.000) AAT N 0.489 (N 0.590) AAT N 0.439 (N 0.600)
   3      1   TTA (L) TTA (L) TTA (L) TTA (L) ATG (M) ATT (I) TTA (L) TTG (L) CTG (L) ACT (T) CTA (L) TTG (L) TTA (L) GTC (V) CTA (L) ATG (M) GCG (A) ATT (I) TTA (L) CTT (L) :  TTA L 0.332 (L 0.677) TTA L 0.439 (L 0.839) TTA L 0.401 (L 0.845) TTT F 0.266 (L 0.373) TTT F 0.262 (L 0.608) TTG L 0.408 (L 0.871) TTG L 0.387 (L 0.860) TTG L 0.394 (L 0.917) TTG L 0.387 (L 0.860) TTG L 0.274 (L 0.749) ATG M 0.225 (L 0.239) TTG L 0.729 (L 0.962) TTA L 0.711 (L 0.927) TTA L 0.997 (L 0.999) TTA L 0.999 (L 1.000) TTA L 0.999 (L 1.000) TTA L 0.201 (L 0.454) ATG M 0.157 (I 0.311)
   4      1   TTT (F) TTC (F) TTT (F) TTT (F) TAC (Y) TTA (L) TTT (F) TTT (F) TTT (F) TTT (F) TTA (L) TTC (F) TTT (F) TTT (F) GAA (E) TTT (F) TTT (F) TTT (F) TTC (F) TTC (F) :  TTT F 0.947 (F 1.000) TTT F 0.988 (F 1.000) TTT F 0.990 (F 1.000) TTT F 0.924 (F 1.000) TTC F 0.859 (F 1.000) TTT F 0.990 (F 1.000) TTT F 0.976 (F 1.000) TTT F 0.701 (F 0.990) TTT F 0.976 (F 1.000) TTT F 0.944 (F 0.993) TTT F 0.963 (F 1.000) TTT F 0.996 (F 1.000) TTT F 0.990 (F 1.000) TTT F 0.999 (F 1.000) TTT F 0.998 (F 1.000) TTT F 0.967 (F 1.000) TTT F 0.894 (F 1.000) TTT F 0.870 (F 0.992)
   5      1   GAG (E) GAA (E) GAA (E) GAA (E) GAC (D) TCA (S) AAG (K) GAT (D) GAG (E) GAT (D) GAA (E) GAA (E) GAT (D) CAG (Q) GAA (E) GAT (D) CAG (Q) GAC (D) CCC (P) GAC (D) :  GAA E 0.784 (E 0.861) GAA E 0.865 (E 0.938) GAA E 0.858 (E 0.932) GAC D 0.741 (D 0.782) GAC D 0.654 (D 0.671) GAA E 0.860 (E 0.936) GAA E 0.888 (E 0.948) GAA E 0.941 (E 0.971) GAA E 0.888 (E 0.948) GAA E 0.777 (E 0.878) GAA E 0.278 (E 0.546) GAG E 0.375 (E 0.704) GAA E 0.852 (E 0.933) GAA E 0.995 (E 0.999) GAA E 0.995 (E 1.000) GAA E 0.964 (E 0.999) GAA E 0.698 (E 0.776) GAA E 0.477 (E 0.539)
   6      1   GAT (D) GAT (D) GAT (D) GAC (D) TCA (S) AAT (N) GAG (E) GAT (D) GAA (E) ACT (T) TCT (S) TCT (S) AGC (S) GTT (V) CAT (H) CAC (H) CAG (Q) GGA (G) GGG (G) GAC (D) :  GAT D 0.777 (D 0.789) GAT D 0.907 (D 0.912) GAT D 0.905 (D 0.910) GAA E 0.222 (G 0.431) GAC D 0.235 (G 0.368) GAT D 0.891 (D 0.894) GAT D 0.464 (D 0.466) TCT S 0.465 (S 0.470) GAT D 0.464 (D 0.466) CAT H 0.390 (H 0.416) CAT H 0.288 (H 0.543) GAT D 0.877 (D 0.895) GAT D 0.911 (D 0.925) GAT D 0.992 (D 0.999) GAT D 0.986 (D 0.999) GAT D 0.998 (D 1.000) GAT D 0.643 (D 0.658) GAT D 0.556 (D 0.572)
   7      1   CCA (P) CCA (P) TCA (S) CCA (P) AAC (N) AAT (N) CCC (P) CAA (Q) GAA (E) CCC (P) CCT (P) CCT (P) CCC (P) CCA (P) CCT (P) GAG (E) GAG (E) CCC (P) CCC (P) GTG (V) :  CCC P 0.311 (P 0.716) CCC P 0.415 (P 0.951) CCC P 0.424 (P 0.966) CCC P 0.672 (P 0.916) CCC P 0.255 (P 0.445) CCC P 0.392 (P 0.964) CCT P 0.477 (P 0.979) CCT P 0.773 (P 0.980) CCT P 0.477 (P 0.979) CCT P 0.381 (P 0.760) GAG E 0.373 (E 0.424) CAA Q 0.783 (Q 0.798) CCC P 0.376 (P 0.950) CCA P 0.940 (P 0.943) CCA P 0.989 (P 0.989) CCA P 0.998 (P 0.998) CCC P 0.200 (P 0.464) CCT P 0.157 (P 0.361)
   8      1   ATT (I) ATA (I) ATG (M) ATG (M) GCC (A) ACT (T) CTG (L) TTT (F) CAA (Q) TTA (L) GCT (A) GTA (V) GTG (V) ATG (M) CAT (H) GCC (A) TTA (L) CTC (L) AGC (S) ATT (I) :  ATT I 0.199 (I 0.377) ATT I 0.203 (I 0.394) ATT I 0.170 (L 0.348) CTC L 0.251 (L 0.438) ATC I 0.352 (I 0.719) ATT I 0.134 (L 0.388) GTT V 0.132 (L 0.376) GTA V 0.295 (V 0.665) GTT V 0.132 (L 0.376) CTT L 0.118 (L 0.361) TTA L 0.119 (L 0.258) CTT L 0.225 (L 0.600) ATG M 0.330 (M 0.330) ATG M 0.910 (M 0.910) ATG M 0.902 (M 0.902) ATG M 0.507 (M 0.507) ATT I 0.191 (I 0.348) ATT I 0.214 (I 0.353)
   9      1   ATC (I) ATT (I) ATT (I) ATC (I) GCA (A) ATT (I) CCC (P) ATG (M) CAA (Q) TTT (F) CTT (L) CTG (L) CCC (P) GAC (D) CTC (L) CTG (L) CTG (L) GTC (V) ACT (T) GTC (V) :  ATT I 0.232 (I 0.444) ATT I 0.228 (I 0.448) ATT I 0.192 (L 0.397) GTC V 0.506 (V 0.666) GTC V 0.395 (V 0.558) CTT L 0.269 (L 0.564) CTT L 0.445 (L 0.861) CTT L 0.513 (L 0.939) CTT L 0.445 (L 0.861) CTC L 0.333 (L 0.885) CTG L 0.630 (L 0.911) CTG L 0.230 (L 0.503) ATC I 0.267 (I 0.528) ATT I 0.542 (I 0.996) ATC I 0.533 (I 0.999) ATC I 0.531 (I 0.999) ATT I 0.241 (I 0.446) ATT I 0.281 (I 0.484)
  10      1   AAA (K) AAG (K) AAG (K) AAG (K) AAC (N) AAT (N) TCT (S) ACT (T) GAA (E) AGT (S) GCT (A) TCA (S) GGA (G) CTG (L) CAA (Q) GCG (A) GTA (V) AAA (K) GGC (G) AAG (K) :  AAA K 0.402 (K 0.564) AAA K 0.457 (K 0.616) AAA K 0.526 (K 0.632) AAA K 0.665 (K 0.797) AAG K 0.346 (K 0.511) AAA K 0.496 (K 0.572) AAA K 0.392 (K 0.440) ACA T 0.286 (T 0.459) AAA K 0.392 (K 0.440) AAA K 0.294 (K 0.346) GCA A 0.176 (A 0.290) AAA K 0.385 (K 0.419) AAG K 0.313 (K 0.603) AAG K 0.982 (K 0.997) AAG K 0.985 (K 0.999) AAG K 0.955 (K 0.999) AAT N 0.336 (K 0.492) AAT N 0.362 (N 0.445)
  11      1   GAG (E) GAG (E) GAA (E) GAA (E) GAC (D) GAA (E) GAG (E) GAA (E) GAA (E) GAT (D) GAA (E) GAA (E) TGT (C) GAC (D) GAA (E) GAT (D) GAG (E) CAA (Q) GAC (D) GGC (G) :  GAA E 0.895 (E 0.914) GAA E 0.989 (E 0.999) GAA E 0.995 (E 0.999) GAA E 0.883 (E 0.907) GAC D 0.730 (D 0.765) GAA E 0.997 (E 1.000) GAA E 0.994 (E 1.000) GAA E 0.993 (E 0.999) GAA E 0.994 (E 1.000) GAA E 0.926 (E 0.994) GAA E 0.508 (E 0.947) GAA E 0.996 (E 0.999) GAA E 0.950 (E 0.998) GAA E 0.958 (E 1.000) GAA E 0.929 (E 1.000) GAG E 0.894 (E 1.000) GAA E 0.860 (E 0.887) GAA E 0.850 (E 0.884)
  12      1   CTA (L) TTG (L) TTA (L) CTA (L) ATT (I) TTA (L) GTC (V) TTA (L) TTA (L) ATT (I) ATT (I) CTT (L) TTG (L) CAC (H) TTG (L) TTG (L) CTC (L) TTG (L) GCG (A) TCC (S) :  TTA L 0.773 (L 0.873) TTA L 0.815 (L 0.904) TTA L 0.798 (L 0.900) TTG L 0.542 (L 0.843) TCG S 0.388 (S 0.717) TTA L 0.787 (L 0.886) TTA L 0.452 (L 0.598) TTT F 0.438 (F 0.457) TTA L 0.452 (L 0.598) TTA L 0.344 (L 0.693) TTG L 0.312 (L 0.684) TTA L 0.969 (L 0.987) TTA L 0.800 (L 0.899) TTA L 0.889 (L 0.998) TTA L 0.775 (L 0.999) TTA L 0.736 (L 0.999) TTA L 0.724 (L 0.833) TTA L 0.696 (L 0.821)
  13      1   GAT (D) GAT (D) GAT (D) GAC (D) GAT (D) GAT (D) AGT (S) GAC (D) GAC (D) GAT (D) GAT (D) GAT (D) GGT (G) GAT (D) AAC (N) GAC (D) AGC (S) AAC (N) GAA (E) GAC (D) :  GAT D 0.921 (D 1.000) GAT D 0.903 (D 1.000) GAT D 0.811 (D 1.000) GAC D 0.735 (D 0.979) GAC D 0.855 (D 0.984) GAT D 0.798 (D 1.000) GAT D 0.824 (D 1.000) GAT D 0.928 (D 1.000) GAT D 0.824 (D 1.000) GAC D 0.428 (D 0.800) GAC D 0.662 (D 0.777) GAC D 0.904 (D 1.000) GAT D 0.942 (D 0.997) GAT D 0.987 (D 1.000) GAT D 0.981 (D 1.000) GAT D 0.998 (D 1.000) GAT D 0.944 (D 1.000) GAT D 0.952 (D 1.000)
  14      1   GAC (D) GCC (A) GCT (A) GCT (A) GCC (A) GCT (A) GCT (A) TCA (S) TCT (S) TCA (S) AGT (S) TCT (S) GCG (A) GGG (G) GCA (A) TCT (S) TCG (S) TCT (S) TCC (S) CCG (P) :  GCT A 0.933 (A 0.979) GCT A 0.957 (A 0.970) TCT S 0.972 (S 0.985) TCT S 0.923 (S 0.992) TCG S 0.312 (S 0.942) TCT S 0.976 (S 0.995) TCT S 0.964 (S 0.996) TCT S 0.968 (S 0.983) TCT S 0.964 (S 0.996) TCT S 0.747 (S 0.987) TCT S 0.627 (S 0.991) TCT S 0.851 (S 0.999) GCT A 0.968 (A 0.987) GCT A 0.972 (A 1.000) GCT A 0.942 (A 1.000) GCC A 0.888 (A 0.997) GCT A 0.903 (A 0.986) GCT A 0.884 (A 0.985)
  15      1   GCT (A) GCT (A) GCT (A) GCT (A) GCT (A) GAT (D) GCA (A) AAC (N) GCT (A) GCT (A) GCT (A) GCT (A) GAG (E) CTA (L) TCC (S) GCG (A) CAT (H) GCT (A) CTG (L) CTC (L) :  GCT A 0.917 (A 0.933) GCT A 0.987 (A 0.992) GCT A 0.990 (A 0.995) GCT A 0.790 (A 0.847) CTC L 0.338 (L 0.712) GCT A 0.989 (A 0.994) GCT A 0.989 (A 0.995) GCT A 0.977 (A 0.986) GCT A 0.989 (A 0.995) GCT A 0.609 (A 0.747) GCT A 0.327 (A 0.487) GCT A 0.599 (A 0.722) GCT A 0.956 (A 0.983) GCT A 0.999 (A 0.999) GCT A 1.000 (A 1.000) GCT A 0.999 (A 1.000) GCT A 0.852 (A 0.873) GCT A 0.637 (A 0.674)
  16      1   ACT (T) ACT (T) ACT (T) ACT (T) ACT (T) ACT (T) ACG (T) ACT (T) ACT (T) ACT (T) ACT (T) ACT (T) CAG (Q) ACG (T) ACC (T) ACC (T) ACT (T) TCT (S) ACG (T) ACG (T) :  ACT T 0.982 (T 1.000) ACT T 0.996 (T 1.000) ACT T 0.998 (T 1.000) ACT T 0.914 (T 0.991) ACG T 0.842 (T 1.000) ACT T 0.999 (T 1.000) ACT T 0.996 (T 1.000) ACT T 0.992 (T 1.000) ACT T 0.996 (T 1.000) ACT T 0.778 (T 1.000) ACT T 0.638 (T 1.000) ACT T 0.995 (T 1.000) ACT T 0.974 (T 1.000) ACT T 1.000 (T 1.000) ACT T 1.000 (T 1.000) ACT T 1.000 (T 1.000) ACT T 0.974 (T 1.000) ACT T 0.945 (T 1.000)
  17      1   CCA (P) CCA (P) CCG (P) CCA (P) CCA (P) CCA (P) CCG (P) CCA (P) CCA (P) CCA (P) CCA (P) CCA (P) GCG (A) CCC (P) CCA (P) CCG (P) CCT (P) CCA (P) CCT (P) CCA (P) :  CCA P 0.984 (P 1.000) CCA P 0.994 (P 1.000) CCA P 0.998 (P 1.000) CCA P 0.978 (P 1.000) CCA P 0.833 (P 1.000) CCA P 0.999 (P 1.000) CCA P 0.998 (P 1.000) CCA P 0.993 (P 1.000) CCA P 0.998 (P 1.000) CCA P 0.903 (P 1.000) CCA P 0.386 (P 1.000) CCA P 0.995 (P 1.000) CCA P 0.935 (P 1.000) CCA P 0.923 (P 1.000) CCA P 0.986 (P 1.000) CCA P 0.998 (P 1.000) CCA P 0.976 (P 1.000) CCA P 0.946 (P 1.000)
  18      1   ATG (M) ATG (M) ATG (M) ATG (M) ATG (M) ATG (M) ATG (M) ATG (M) ATG (M) TTA (L) ATG (M) ATT (I) ATG (M) ATG (M) ATT (I) CTG (L) CTG (L) ATG (M) CTG (L) ATG (M) :  ATG M 1.000 (M 1.000) ATG M 1.000 (M 1.000) ATG M 1.000 (M 1.000) ATG M 1.000 (M 1.000) ATG M 0.995 (M 0.995) ATG M 1.000 (M 1.000) ATG M 0.990 (M 0.990) ATG M 0.986 (M 0.986) ATG M 0.990 (M 0.990) ATG M 0.929 (M 0.929) CTG L 0.794 (L 0.951) ATG M 1.000 (M 1.000) ATG M 1.000 (M 1.000) ATG M 1.000 (M 1.000) ATG M 1.000 (M 1.000) ATG M 1.000 (M 1.000) ATG M 1.000 (M 1.000) ATG M 1.000 (M 1.000)
  19      1   TTT (F) TTT (F) TTT (F) TTT (F) TTC (F) TTC (F) TTT (F) TTT (F) TTT (F) TTT (F) TTC (F) TTT (F) TTC (F) TTC (F) TTC (F) TTC (F) CTA (L) TTT (F) TTC (F) TTT (F) :  TTT F 0.734 (F 1.000) TTT F 0.947 (F 1.000) TTT F 0.962 (F 1.000) TTT F 0.967 (F 1.000) TTT F 0.836 (F 1.000) TTT F 0.963 (F 1.000) TTT F 0.936 (F 1.000) TTT F 0.884 (F 1.000) TTT F 0.936 (F 1.000) TTT F 0.623 (F 1.000) TTC F 0.604 (F 0.967) TTT F 0.993 (F 1.000) TTT F 0.971 (F 1.000) TTT F 1.000 (F 1.000) TTT F 1.000 (F 1.000) TTT F 1.000 (F 1.000) TTC F 0.512 (F 1.000) TTC F 0.643 (F 1.000)
  20      1   GAG (E) GAG (E) GAA (E) GAA (E) GAC (D) GAT (D) GAG (E) GAA (E) GAA (E) GAA (E) GCT (A) GAG (E) GAA (E) GAT (D) GAA (E) GAG (E) GGG (G) GAA (E) GAG (E) GAA (E) :  GAA E 0.854 (E 0.919) GAA E 0.955 (E 1.000) GAA E 0.966 (E 1.000) GAA E 0.969 (E 1.000) GAA E 0.837 (E 1.000) GAA E 0.965 (E 1.000) GAA E 0.928 (E 1.000) GAA E 0.670 (E 0.994) GAA E 0.928 (E 1.000) GAA E 0.843 (E 1.000) GAG E 0.735 (E 0.987) GAA E 0.993 (E 1.000) GAA E 0.921 (E 1.000) GAA E 0.944 (E 1.000) GAA E 0.915 (E 1.000) GAG E 0.896 (E 1.000) GAT D 0.623 (D 0.929) GAT D 0.753 (D 0.987)
  21      1   TAT (Y) TAT (Y) TAT (Y) TAC (Y) TAC (Y) TTG (L) TAC (Y) TTT (F) TTC (F) TTT (F) TTC (F) TTC (F) TTG (L) TCG (S) TTG (L) TTC (F) TTG (L) TTT (F) CTT (L) CTT (L) :  TTT F 0.582 (F 0.960) TTT F 0.640 (F 0.987) TTT F 0.653 (F 1.000) TTT F 0.907 (F 0.991) CTT L 0.946 (L 0.978) TTT F 0.627 (F 1.000) TTT F 0.558 (F 1.000) TTC F 0.779 (F 0.999) TTT F 0.558 (F 1.000) TTC F 0.446 (F 0.852) TTC F 0.586 (F 0.839) TTT F 0.618 (F 1.000) TAT Y 0.652 (Y 0.954) TAT Y 0.945 (Y 1.000) TAT Y 0.941 (Y 1.000) TAT Y 0.993 (Y 1.000) TTT F 0.522 (F 0.940) TTT F 0.331 (F 0.602)
  22      1   GAA (E) GAA (E) GAA (E) GAA (E) GAT (D) GAT (D) GAC (D) GAA (E) GAA (E) GAA (E) GAA (E) GAA (E) GAT (D) GAT (D) GAT (D) GAG (E) GAC (D) GAA (E) GAT (D) GAA (E) :  GAT D 0.769 (D 0.862) GAA E 0.928 (E 0.933) GAA E 0.997 (E 0.999) GAA E 0.990 (E 1.000) GAA E 0.943 (E 0.990) GAA E 0.999 (E 1.000) GAA E 0.997 (E 1.000) GAA E 0.995 (E 1.000) GAA E 0.997 (E 1.000) GAA E 0.662 (E 0.788) GAG E 0.402 (E 0.773) GAA E 0.997 (E 1.000) GAA E 0.922 (E 0.934) GAA E 1.000 (E 1.000) GAA E 1.000 (E 1.000) GAA E 1.000 (E 1.000) GAT D 0.920 (D 0.994) GAT D 0.937 (D 0.999)
  23      1   AAC (N) AAC (N) AAC (N) AAC (N) GAT (D) GAA (E) AAC (N) TCA (S) TCC (S) ACT (T) GCT (A) TCT (S) CCA (P) CCC (P) AAC (N) GGT (G) GGA (G) AAC (N) GCT (A) GCC (A) :  AAC N 0.339 (N 0.427) AAC N 0.431 (N 0.519) AAC N 0.308 (N 0.376) AAC N 0.375 (N 0.413) GCC A 0.598 (A 0.768) ACC T 0.387 (T 0.512) ACT T 0.270 (T 0.542) ACT T 0.318 (T 0.405) ACT T 0.270 (T 0.542) ACC T 0.142 (T 0.279) GGT G 0.277 (G 0.558) TCC S 0.646 (S 0.886) AAC N 0.666 (N 0.731) AAC N 0.997 (N 0.998) AAC N 0.999 (N 1.000) AAC N 0.999 (N 1.000) GAC D 0.263 (D 0.352) GAC D 0.265 (D 0.353)
  24      1   CTA (L) CTA (L) CTA (L) CTA (L) AAC (N) TCT (S) GTC (V) TTA (L) CTA (L) TTA (L) TTG (L) ACT (T) CCA (P) GCT (A) CAA (Q) CTC (L) GTC (V) TTG (L) GTC (V) GTT (V) :  TTA L 0.502 (L 0.658) TTA L 0.724 (L 0.901) TTA L 0.778 (L 0.937) TTG L 0.384 (L 0.802) GTT V 0.399 (V 0.821) TTA L 0.803 (L 0.953) TTA L 0.785 (L 0.941) TTA L 0.464 (L 0.707) TTA L 0.785 (L 0.941) TTA L 0.391 (L 0.803) CTC L 0.315 (L 0.527) TTA L 0.808 (L 0.986) TTA L 0.504 (L 0.883) CTA L 0.994 (L 0.999) CTA L 0.999 (L 1.000) CTA L 0.999 (L 1.000) TTA L 0.272 (L 0.390) TTT F 0.192 (S 0.344)
  25      1   GAA (E) GAA (E) GAA (E) GAA (E) CAA (Q) CTA (L) GAA (E) GAT (D) GAC (D) AAC (N) GAA (E) GAT (D) CAG (Q) TTG (L) GAT (D) GGC (G) GAC (D) GAA (E) GAG (E) GAA (E) :  CAA Q 0.900 (Q 0.917) GAA E 0.987 (E 0.998) GAA E 0.974 (E 0.989) GAA E 0.975 (E 1.000) GAA E 0.841 (E 1.000) GAT D 0.528 (D 0.968) GAT D 0.539 (D 0.994) GAT D 0.653 (D 0.987) GAT D 0.539 (D 0.994) GAT D 0.525 (D 0.998) GAC D 0.819 (D 0.984) GAT D 0.557 (D 0.999) GAA E 0.991 (E 1.000) GAA E 1.000 (E 1.000) GAA E 1.000 (E 1.000) GAA E 1.000 (E 1.000) CAA Q 0.962 (Q 0.986) CTA L 0.838 (L 0.898)
  26      1   AAC (N) AAC (N) AAT (N) AAT (N) AAT (N) GAT (D) AAC (N) GAT (D) GAT (D) GAT (D) AAT (N) AAG (K) CAT (H) GAA (E) GGT (G) GAC (D) AAT (N) GAC (D) GAC (D) GAC (D) :  GAT D 0.935 (D 0.956) GAT D 0.937 (D 0.956) GAT D 0.978 (D 0.998) GAC D 0.782 (D 1.000) GAC D 0.957 (D 1.000) GAT D 0.989 (D 0.999) GAT D 0.991 (D 0.998) AAT N 0.921 (N 0.944) GAT D 0.991 (D 0.998) GAT D 0.952 (D 0.994) GAT D 0.758 (D 0.979) GAT D 0.996 (D 1.000) AAT N 0.876 (N 0.930) AAT N 0.954 (N 1.000) AAT N 0.925 (N 1.000) AAC N 0.895 (N 1.000) GAT D 0.936 (D 0.956) GAT D 0.958 (D 0.990)
  27      1   TCT (S) TCT (S) TCT (S) TCT (S) CCA (P) CCA (P) CCT (P) CCA (P) CCA (P) GCT (A) CCA (P) TCT (S) CAG (Q) GAA (E) GTG (V) CCT (P) CAC (H) CCA (P) CCA (P) CCT (P) :  CCA P 0.827 (P 0.947) CCA P 0.812 (P 0.962) CCA P 0.834 (P 0.974) CCA P 0.861 (P 0.969) CCA P 0.611 (P 0.954) CCA P 0.829 (P 0.974) CCA P 0.679 (P 0.939) CCA P 0.577 (P 0.851) CCA P 0.679 (P 0.939) CCA P 0.372 (P 0.731) CCT P 0.284 (P 0.659) CCA P 0.969 (P 0.987) CCT P 0.468 (P 0.785) TCT S 0.992 (S 0.994) TCT S 0.999 (S 0.999) TCT S 0.999 (S 1.000) CCA P 0.854 (P 0.935) CCA P 0.819 (P 0.887)
  28      1   AAA (K) AAA (K) AAA (K) AAG (K) GAA (E) AAC (N) GAG (E) AAG (K) AAA (K) TCA (S) AAA (K) TCT (S) GAA (E) TCC (S) GAA (E) AAG (K) AAG (K) AAG (K) CAA (Q) CAA (Q) :  AAA K 0.816 (K 0.897) AAA K 0.897 (K 0.979) AAA K 0.902 (K 0.989) AAA K 0.616 (K 0.904) CAA Q 0.823 (Q 0.874) AAA K 0.905 (K 0.989) AAA K 0.878 (K 0.946) AAA K 0.711 (K 0.762) AAA K 0.878 (K 0.946) AAA K 0.716 (K 0.851) AAG K 0.638 (K 0.866) AAA K 0.766 (K 0.984) AAA K 0.864 (K 0.952) AAA K 0.980 (K 0.999) AAA K 0.975 (K 1.000) AAA K 0.997 (K 1.000) AAA K 0.723 (K 0.799) AAA K 0.446 (K 0.520)
  29      1   GAA (E) GAA (E) GAA (E) GAA (E) AAC (N) ACC (T) AAG (K) AAT (N) CAA (Q) TCA (S) AAT (N) GAA (E) ACA (T) AAA (K) ACT (T) ACC (T) GAG (E) AGT (S) GGA (G) GGC (G) :  AAA K 0.641 (K 0.675) AAA K 0.729 (K 0.751) AAA K 0.724 (K 0.740) AGT S 0.279 (S 0.350) GGA G 0.337 (G 0.799) AAA K 0.732 (K 0.746) AAA K 0.701 (K 0.716) AAA K 0.635 (K 0.656) AAA K 0.701 (K 0.716) AAA K 0.371 (K 0.442) AAG K 0.149 (K 0.274) AAA K 0.630 (K 0.652) AAA K 0.640 (K 0.683) GAA E 0.993 (E 0.993) GAA E 0.999 (E 0.999) GAA E 0.999 (E 0.999) AAA K 0.532 (K 0.575) AAA K 0.428 (K 0.477)
  30      1   TGG (W) TGG (W) TGG (W) TGG (W) TGG (W) TGG (W) TGG (W) TGG (W) TGG (W) TGG (W) TGG (W) TGG (W) TGG (W) TGG (W) TGG (W) TGG (W) TGG (W) TGG (W) TGG (W) TGG (W) :  TGG W 1.000 (W 1.000) TGG W 1.000 (W 1.000) TGG W 1.000 (W 1.000) TGG W 1.000 (W 1.000) TGG W 1.000 (W 1.000) TGG W 1.000 (W 1.000) TGG W 1.000 (W 1.000) TGG W 1.000 (W 1.000) TGG W 1.000 (W 1.000) TGG W 1.000 (W 1.000) TGG W 1.000 (W 1.000) TGG W 1.000 (W 1.000) TGG W 1.000 (W 1.000) TGG W 1.000 (W 1.000) TGG W 1.000 (W 1.000) TGG W 1.000 (W 1.000) TGG W 1.000 (W 1.000) TGG W 1.000 (W 1.000)
  31      1   ACA (T) ACT (T) ACT (T) ACC (T) ACT (T) ACC (T) ACG (T) ACT (T) ACT (T) ACT (T) ACT (T) ACT (T) GAA (E) GGG (G) ACT (T) TCG (S) TCG (S) GGT (G) AAC (N) ACT (T) :  ACT T 0.924 (T 0.999) ACT T 0.985 (T 1.000) ACT T 0.996 (T 1.000) ACT T 0.941 (T 0.970) ACT T 0.793 (T 0.967) ACT T 0.998 (T 1.000) ACT T 0.998 (T 1.000) ACT T 0.993 (T 1.000) ACT T 0.998 (T 1.000) ACT T 0.870 (T 0.989) TCG S 0.665 (S 0.972) ACT T 0.995 (T 1.000) ACT T 0.957 (T 0.999) ACT T 0.975 (T 1.000) ACT T 0.953 (T 1.000) ACT T 0.945 (T 1.000) ACT T 0.865 (T 0.998) ACT T 0.674 (T 0.993)
  32      1   TCC (S) TCT (S) TCT (S) TCT (S) TCT (S) TCT (S) TCG (S) TCT (S) TCC (S) TCC (S) CCT (P) TCT (S) CCT (P) TCT (S) TCG (S) TCG (S) TCT (S) TCT (S) TCG (S) TCT (S) :  TCT S 0.989 (S 1.000) TCT S 0.996 (S 1.000) TCT S 0.995 (S 1.000) TCT S 0.976 (S 1.000) TCT S 0.831 (S 1.000) TCT S 0.991 (S 1.000) TCT S 0.979 (S 1.000) TCT S 0.980 (S 0.995) TCT S 0.979 (S 1.000) TCT S 0.735 (S 1.000) TCT S 0.603 (S 1.000) TCT S 0.880 (S 1.000) TCT S 0.973 (S 1.000) TCT S 0.998 (S 1.000) TCT S 0.998 (S 1.000) TCT S 0.966 (S 1.000) TCT S 0.986 (S 1.000) TCT S 0.975 (S 1.000)
  33      1   TTG (L) TTG (L) TTG (L) TTG (L) TTG (L) TTG (L) CTG (L) TTA (L) TTA (L) TTG (L) TTA (L) TTG (L) CTG (L) CTC (L) TTG (L) CTC (L) TTG (L) TTG (L) CTC (L) CTT (L) :  TTG L 0.978 (L 1.000) TTG L 0.991 (L 1.000) TTG L 0.989 (L 1.000) TTG L 0.870 (L 1.000) CTT L 0.414 (L 1.000) TTG L 0.980 (L 1.000) TTG L 0.983 (L 1.000) TTG L 0.921 (L 1.000) TTG L 0.983 (L 1.000) TTG L 0.934 (L 1.000) TTG L 0.640 (L 1.000) TTA L 0.881 (L 1.000) TTG L 0.974 (L 1.000) TTG L 1.000 (L 1.000) TTG L 1.000 (L 1.000) TTG L 1.000 (L 1.000) TTG L 0.968 (L 1.000) TTG L 0.923 (L 1.000)
  34      1   TTT (F) TTC (F) TTT (F) TTC (F) TTT (F) TTC (F) TTC (F) TTC (F) TTT (F) TTC (F) TTT (F) TTC (F) TTT (F) TTT (F) TTT (F) TTT (F) TTT (F) TTC (F) TTC (F) TTT (F) :  TTC F 0.745 (F 1.000) TTC F 0.771 (F 1.000) TTC F 0.779 (F 1.000) TTC F 0.857 (F 1.000) TTC F 0.633 (F 1.000) TTC F 0.770 (F 1.000) TTC F 0.746 (F 1.000) TTC F 0.722 (F 1.000) TTC F 0.746 (F 1.000) TTT F 0.579 (F 1.000) TTT F 0.864 (F 1.000) TTC F 0.725 (F 1.000) TTC F 0.765 (F 1.000) TTC F 0.650 (F 1.000) TTC F 0.701 (F 1.000) TTC F 0.689 (F 1.000) TTC F 0.717 (F 1.000) TTC F 0.729 (F 1.000)
  35      1   GAC (D) GAC (D) GAT (D) GAC (D) GAC (D) GAT (D) GAC (D) GAA (E) GAT (D) GAT (D) GAT (D) GAT (D) GGT (G) GAC (D) GAC (D) GAT (D) GAC (D) GAC (D) GAC (D) GAA (E) :  GAC D 0.538 (D 1.000) GAC D 0.536 (D 1.000) GAT D 0.505 (D 1.000) GAC D 0.831 (D 1.000) GAC D 0.836 (D 0.970) GAT D 0.653 (D 1.000) GAT D 0.748 (D 1.000) GAT D 0.898 (D 1.000) GAT D 0.748 (D 1.000) GAT D 0.605 (D 1.000) GAT D 0.570 (D 1.000) GAT D 0.793 (D 0.982) GAC D 0.659 (D 1.000) GAC D 0.749 (D 1.000) GAC D 0.957 (D 1.000) GAC D 0.995 (D 1.000) GAC D 0.543 (D 1.000) GAT D 0.504 (D 1.000)
  36      1   AAT (N) AAT (N) AAC (N) AAC (N) GAT (D) GAT (D) AAT (N) AAT (N) AAC (N) AAT (N) AAC (N) AAC (N) ACT (T) GAT (D) AAT (N) GAC (D) GAC (D) AAC (N) GAT (D) GAT (D) :  AAT N 0.610 (N 0.915) AAT N 0.575 (N 1.000) AAT N 0.541 (N 1.000) AAC N 0.555 (N 0.991) GAT D 0.897 (D 0.986) AAT N 0.527 (N 1.000) AAC N 0.511 (N 1.000) AAC N 0.807 (N 1.000) AAC N 0.511 (N 1.000) AAC N 0.513 (N 0.988) GAC D 0.819 (D 0.967) AAT N 0.544 (N 1.000) AAT N 0.537 (N 1.000) AAC N 0.727 (N 1.000) AAC N 0.706 (N 1.000) AAT N 0.920 (N 1.000) GAT D 0.738 (D 0.950) GAT D 0.824 (D 0.990)
  37      1   GAC (D) GAT (D) GAC (D) GAC (D) GAT (D) GAC (D) GAC (D) GAT (D) GAT (D) GAT (D) GAC (D) GAT (D) GGT (G) GAG (E) GAT (D) GAC (D) GAT (D) GAC (D) GAC (D) GAC (D) :  GAC D 0.669 (D 1.000) GAC D 0.675 (D 1.000) GAC D 0.618 (D 1.000) GAC D 0.911 (D 1.000) GAC D 0.975 (D 1.000) GAT D 0.612 (D 1.000) GAT D 0.691 (D 1.000) GAT D 0.676 (D 1.000) GAT D 0.691 (D 1.000) GAT D 0.729 (D 1.000) GAT D 0.634 (D 1.000) GAT D 0.952 (D 1.000) GAC D 0.839 (D 1.000) GAC D 0.993 (D 1.000) GAC D 0.993 (D 1.000) GAC D 0.962 (D 1.000) GAC D 0.665 (D 1.000) GAC D 0.714 (D 0.998)
  38      1   ATT (I) ATT (I) ATT (I) ATC (I) GTC (V) ATC (I) ATC (I) CTA (L) ATC (I) ATT (I) ATT (I) ATC (I) GAG (E) ATT (I) ATC (I) ATA (I) ATA (I) ATC (I) ATT (I) ATT (I) :  ATC I 0.834 (I 0.996) ATC I 0.827 (I 1.000) ATC I 0.833 (I 1.000) ATC I 0.815 (I 1.000) ATT I 0.864 (I 1.000) ATC I 0.831 (I 1.000) ATC I 0.798 (I 1.000) ATC I 0.765 (I 1.000) ATC I 0.798 (I 1.000) ATC I 0.748 (I 1.000) ATA I 0.797 (I 1.000) ATC I 0.785 (I 0.993) ATC I 0.703 (I 1.000) ATT I 0.883 (I 1.000) ATT I 0.881 (I 1.000) ATT I 0.986 (I 1.000) ATC I 0.853 (I 0.996) ATC I 0.848 (I 0.999)
  39      1   CCA (P) CCC (P) CCA (P) CCT (P) GAG (E) CCA (P) CCC (P) CCA (P) CCA (P) CCT (P) GCT (A) CCT (P) GAT (D) CCT (P) CCA (P) CCG (P) CCC (P) CCC (P) GCA (A) GCT (A) :  CCA P 0.672 (P 0.996) CCA P 0.683 (P 1.000) CCA P 0.660 (P 1.000) CCC P 0.398 (P 0.994) GCT A 0.457 (A 0.992) CCA P 0.656 (P 1.000) CCT P 0.484 (P 1.000) CCT P 0.804 (P 0.997) CCT P 0.484 (P 1.000) CCA P 0.472 (P 1.000) CCG P 0.304 (P 1.000) CCA P 0.961 (P 1.000) CCA P 0.695 (P 1.000) CCA P 0.848 (P 1.000) CCA P 0.821 (P 1.000) CCA P 0.823 (P 1.000) CCA P 0.681 (P 0.996) CCA P 0.695 (P 0.999)
  40      1   GTT (V) GTT (V) GTT (V) GTC (V) ATT (I) GTC (V) GTC (V) ATC (I) ATC (I) GTC (V) GTT (V) GTT (V) GCA (A) ATT (I) GTC (V) GTG (V) GTG (V) GTC (V) GTT (V) GTT (V) :  GTC V 0.683 (V 0.995) GTC V 0.707 (V 1.000) GTC V 0.743 (V 1.000) GTC V 0.751 (V 1.000) GTT V 0.862 (V 1.000) GTC V 0.757 (V 1.000) GTC V 0.729 (V 1.000) GTT V 0.689 (V 1.000) GTC V 0.729 (V 1.000) GTC V 0.687 (V 1.000) GTG V 0.687 (V 1.000) ATC I 0.958 (I 0.990) GTC V 0.597 (V 1.000) GTT V 0.901 (V 1.000) GTT V 0.898 (V 1.000) GTT V 0.988 (V 1.000) GTC V 0.628 (V 0.946) GTC V 0.643 (V 0.945)
