Supplemental results for CODEML (seqf: ../../gcn4_ygob_nt_muscle.phy  treef: ./tree_unrooted_pos_selection.nwk)


TREE #  1


dN/dS (w) for site classes (K=4)

site class             0        1       2a       2b
proportion       0.63340  0.31873  0.03185  0.01603
background w     0.08005  1.00000  0.08005  1.00000
foreground w     0.08005  1.00000 18.39797 18.39797

Naive Empirical Bayes (NEB) probabilities for 4 classes
(amino acids refer to 1st sequence: YEL009C)

   1 P   0.00000 0.94515 0.00000 0.05485 ( 2)
   2 S   0.00000 0.97162 0.00000 0.02838 ( 2)
   3 L   0.00125 0.97719 0.00002 0.02154 ( 2)
   4 F   0.98396 0.00000 0.01603 0.00000 ( 1)
   5 E   0.00012 0.98856 0.00000 0.01132 ( 2)
   6 D   0.00000 0.64964 0.00000 0.35036 ( 2)
   7 P   0.00005 0.98654 0.00000 0.01341 ( 2)
   8 I   0.00000 0.91511 0.00000 0.08489 ( 2)
   9 I   0.00000 0.97894 0.00000 0.02106 ( 2)
  10 K   0.00000 0.71841 0.00000 0.28159 ( 2)
  11 E   0.86462 0.12760 0.00657 0.00121 ( 1)
  12 L   0.00402 0.90272 0.00119 0.09206 ( 2)
  13 D   0.99211 0.00108 0.00680 0.00001 ( 1)
  14 D   0.90546 0.07675 0.01588 0.00191 ( 1)
  15 A   0.00020 0.98820 0.00000 0.01159 ( 2)
  16 T   0.99075 0.00000 0.00925 0.00000 ( 1)
  17 P   0.99014 0.00000 0.00986 0.00000 ( 1)
  18 M   0.99239 0.00000 0.00761 0.00000 ( 1)
  19 F   0.99320 0.00000 0.00680 0.00000 ( 1)
  20 E   0.98401 0.00000 0.01599 0.00000 ( 1)
  21 Y   0.96904 0.02192 0.00876 0.00028 ( 1)
  22 E   0.99246 0.00000 0.00753 0.00000 ( 1)
  23 N   0.00000 0.93581 0.00000 0.06419 ( 2)
  24 L   0.00000 0.95202 0.00000 0.04798 ( 2)
  25 E   0.98572 0.00308 0.01116 0.00004 ( 1)
  26 N   0.35788 0.00191 0.64010 0.00011 ( 3)
  27 S   0.10166 0.87791 0.00175 0.01868 ( 2)
  28 K   0.00036 0.97178 0.00001 0.02786 ( 2)
  29 E   0.00000 0.97907 0.00000 0.02093 ( 2)
  30 W   0.99155 0.00000 0.00845 0.00000 ( 1)
  31 T   0.59311 0.39683 0.00554 0.00452 ( 1)
  32 S   0.98646 0.00000 0.01354 0.00000 ( 1)
  33 L   0.98906 0.00000 0.01094 0.00000 ( 1)
  34 F   0.99318 0.00000 0.00682 0.00000 ( 1)
  35 D   0.99295 0.00000 0.00705 0.00000 ( 1)
  36 N   0.99168 0.00000 0.00832 0.00000 ( 1)
  37 D   0.99341 0.00000 0.00659 0.00000 ( 1)
  38 I   0.99222 0.00000 0.00778 0.00000 ( 1)
  39 P   0.98443 0.00234 0.01319 0.00004 ( 1)
  40 V   0.99060 0.00000 0.00940 0.00000 ( 1)
  41 T   0.05533 0.93294 0.00052 0.01121 ( 2)
  42 T   0.00001 0.97838 0.00000 0.02161 ( 2)
  43 D   0.00135 0.98547 0.00002 0.01316 ( 2)
  44 D   0.99337 0.00000 0.00663 0.00000 ( 1)
  45 V   0.99074 0.00000 0.00926 0.00000 ( 1)
  46 I   0.00105 0.98864 0.00001 0.01029 ( 2)
  47 E   0.81775 0.17441 0.00620 0.00164 ( 1)
  48 S   0.00000 0.97588 0.00000 0.02412 ( 2)
  49 T   0.00123 0.94694 0.00008 0.05174 ( 2)
  50 E   0.00000 0.98319 0.00000 0.01681 ( 2)
  51 E   0.00004 0.98831 0.00000 0.01165 ( 2)
  52 V   0.00000 0.97503 0.00000 0.02497 ( 2)
  53 S   0.00000 0.95024 0.00000 0.04976 ( 2)
  54 T   0.00000 0.97990 0.00000 0.02010 ( 2)
  55 T   0.00000 0.98015 0.00000 0.01985 ( 2)
  56 S   0.32514 0.65923 0.00422 0.01141 ( 2)
  57 F   0.99320 0.00000 0.00680 0.00000 ( 1)
  58 L   0.98697 0.00000 0.01303 0.00000 ( 1)
  59 P   0.99014 0.00000 0.00986 0.00000 ( 1)
  60 T   0.99071 0.00000 0.00929 0.00000 ( 1)
  61 P   0.99015 0.00000 0.00985 0.00000 ( 1)
  62 V   0.01328 0.96532 0.00026 0.02115 ( 2)
  63 L   0.98852 0.00388 0.00756 0.00004 ( 1)
  64 E   0.99248 0.00000 0.00752 0.00000 ( 1)
  65 D   0.99286 0.00046 0.00667 0.00000 ( 1)
  66 A   0.09354 0.88999 0.00122 0.01525 ( 2)
  67 K   0.00133 0.98808 0.00001 0.01058 ( 2)
  68 L   0.96055 0.02020 0.01874 0.00051 ( 1)
  69 T   0.00000 0.94886 0.00000 0.05114 ( 2)
  70 Q   0.00000 0.97618 0.00000 0.02382 ( 2)
  71 T   0.00000 0.92908 0.00000 0.07092 ( 2)
  72 D   0.00000 0.91511 0.00000 0.08489 ( 2)
  73 D   0.00000 0.97079 0.00000 0.02921 ( 2)
  74 E   0.00000 0.95549 0.00000 0.04451 ( 2)
  75 S   0.00000 0.97144 0.00000 0.02856 ( 2)
  76 R   0.99208 0.00000 0.00792 0.00000 ( 1)
  77 L   0.00079 0.97784 0.00001 0.02136 ( 2)
  78 D   0.99323 0.00000 0.00677 0.00000 ( 1)
  79 H   0.97902 0.00000 0.02098 0.00000 ( 1)
  80 L   0.98707 0.00000 0.01293 0.00000 ( 1)
  81 G   0.99068 0.00000 0.00932 0.00000 ( 1)
  82 V   0.98594 0.00000 0.01406 0.00000 ( 1)
  83 V   0.98851 0.00000 0.01148 0.00000 ( 1)
  84 A   0.00027 0.95045 0.00010 0.04919 ( 2)
  85 Y   0.99098 0.00000 0.00902 0.00000 ( 1)
  86 N   0.99345 0.00000 0.00655 0.00000 ( 1)
  87 R   0.99060 0.00000 0.00940 0.00000 ( 1)
  88 K   0.99266 0.00000 0.00734 0.00000 ( 1)
  89 Q   0.00003 0.98831 0.00000 0.01166 ( 2)
  90 R   0.99083 0.00000 0.00917 0.00000 ( 1)
  91 S   0.04000 0.91950 0.00108 0.03942 ( 2)
  92 I   0.00190 0.98373 0.00002 0.01435 ( 2)
  93 P   0.99028 0.00000 0.00972 0.00000 ( 1)
  94 L   0.98289 0.00000 0.01711 0.00000 ( 1)
  95 S   0.99055 0.00000 0.00945 0.00000 ( 1)
  96 P   0.99013 0.00000 0.00987 0.00000 ( 1)
  97 I   0.98641 0.00000 0.01359 0.00000 ( 1)
  98 V   0.96562 0.02514 0.00890 0.00034 ( 1)
  99 P   0.98839 0.00222 0.00937 0.00003 ( 1)
 100 E   0.99248 0.00000 0.00752 0.00000 ( 1)
 101 S   0.99060 0.00013 0.00927 0.00000 ( 1)
 102 S   0.99312 0.00006 0.00682 0.00000 ( 1)
 103 D   0.99345 0.00000 0.00655 0.00000 ( 1)
 104 P   0.99011 0.00000 0.00989 0.00000 ( 1)
 105 A   0.98880 0.00178 0.00940 0.00002 ( 1)
 106 A   0.26410 0.00000 0.73590 0.00000 ( 3)
 107 L   0.23082 0.00013 0.76902 0.00003 ( 3)
 108 K   0.99250 0.00000 0.00750 0.00000 ( 1)
 109 R   0.99084 0.00000 0.00916 0.00000 ( 1)
 110 A   0.99057 0.00000 0.00943 0.00000 ( 1)
 111 R   0.99096 0.00001 0.00904 0.00000 ( 1)
 112 N   0.99354 0.00000 0.00646 0.00000 ( 1)
 113 T   0.99034 0.00000 0.00966 0.00000 ( 1)
 114 E   0.99214 0.00000 0.00786 0.00000 ( 1)
 115 A   0.99047 0.00000 0.00953 0.00000 ( 1)
 116 A   0.99042 0.00000 0.00958 0.00000 ( 1)
 117 R   0.99097 0.00000 0.00903 0.00000 ( 1)
 118 R   0.99081 0.00000 0.00919 0.00000 ( 1)
 119 S   0.99058 0.00000 0.00942 0.00000 ( 1)
 120 R   0.98975 0.00000 0.01025 0.00000 ( 1)
 121 A   0.99008 0.00000 0.00992 0.00000 ( 1)
 122 R   0.99097 0.00000 0.00903 0.00000 ( 1)
 123 K   0.99227 0.00000 0.00773 0.00000 ( 1)
 124 L   0.09098 0.00000 0.90902 0.00000 ( 3)
 125 Q   0.98900 0.00000 0.01100 0.00000 ( 1)
 126 R   0.99097 0.00000 0.00903 0.00000 ( 1)
 127 M   0.99538 0.00000 0.00462 0.00000 ( 1)
 128 K   0.99123 0.00000 0.00877 0.00000 ( 1)
 129 Q   0.99122 0.00000 0.00878 0.00000 ( 1)
 130 L   0.98640 0.00000 0.01360 0.00000 ( 1)
 131 E   0.99248 0.00000 0.00752 0.00000 ( 1)
 132 D   0.92981 0.06380 0.00586 0.00053 ( 1)
 133 K   0.98754 0.00000 0.01246 0.00000 ( 1)
 134 V   0.99071 0.00000 0.00929 0.00000 ( 1)
 135 E   0.99203 0.00000 0.00797 0.00000 ( 1)
 136 E   0.98042 0.00966 0.00979 0.00013 ( 1)
 137 L   0.98669 0.00000 0.01331 0.00000 ( 1)
 138 L   0.98667 0.00000 0.01333 0.00000 ( 1)
 139 S   0.00000 0.74373 0.00042 0.25585 ( 2)
 140 K   0.98973 0.00124 0.00902 0.00001 ( 1)
 141 N   0.99293 0.00000 0.00707 0.00000 ( 1)
 142 Y   0.00001 0.98332 0.00000 0.01667 ( 2)
 143 H   0.84619 0.14596 0.00642 0.00142 ( 1)
 144 L   0.98185 0.00000 0.01815 0.00000 ( 1)
 145 E   0.99247 0.00000 0.00753 0.00000 ( 1)
 146 N   0.00033 0.82224 0.01474 0.16268 ( 2)
 147 E   0.99247 0.00000 0.00753 0.00000 ( 1)
 148 V   0.99068 0.00000 0.00932 0.00000 ( 1)
 149 A   0.00000 0.71382 0.00000 0.28618 ( 2)
 150 R   0.99097 0.00000 0.00903 0.00000 ( 1)
 151 L   0.98516 0.00000 0.01484 0.00000 ( 1)
 152 K   0.15252 0.43712 0.38129 0.02908 ( 2)
 153 K   0.00000 0.94419 0.00000 0.05581 ( 2)
 154 L   0.98772 0.00003 0.01225 0.00000 ( 1)
 155 V   0.98457 0.00000 0.01543 0.00000 ( 1)
 156 G   0.00000 0.95902 0.00000 0.04098 ( 2)
 157 E   0.00000 0.74223 0.00000 0.25777 ( 2)
 158 R   0.00000 0.94656 0.00000 0.05344 ( 2)


lnL = -7438.410288

Bayes Empirical Bayes (BEB) probabilities for 4 classes (class)
(amino acids refer to 1st sequence: YEL009C)

   1 P   0.00000 0.88654 0.00000 0.11346 ( 2)
   2 S   0.00000 0.90239 0.00000 0.09761 ( 2)
   3 L   0.00003 0.91034 0.00000 0.08963 ( 2)
   4 F   0.92126 0.00002 0.07871 0.00000 ( 1)
   5 E   0.00000 0.92118 0.00000 0.07882 ( 2)
   6 D   0.00000 0.73434 0.00000 0.26566 ( 2)
   7 P   0.00000 0.91959 0.00000 0.08041 ( 2)
   8 I   0.00000 0.86183 0.00000 0.13817 ( 2)
   9 I   0.00000 0.91157 0.00000 0.08843 ( 2)
  10 K   0.00000 0.76932 0.00000 0.23068 ( 2)
  11 E   0.15323 0.77200 0.01105 0.06373 ( 2)
  12 L   0.00022 0.85646 0.00006 0.14327 ( 2)
  13 D   0.91707 0.01787 0.06361 0.00145 ( 1)
  14 D   0.42025 0.49423 0.03633 0.04919 ( 2)
  15 A   0.00000 0.92091 0.00000 0.07909 ( 2)
  16 T   0.92907 0.00000 0.07093 0.00000 ( 1)
  17 P   0.92893 0.00000 0.07107 0.00000 ( 1)
  18 M   0.93411 0.00000 0.06589 0.00000 ( 1)
  19 F   0.93523 0.00000 0.06477 0.00000 ( 1)
  20 E   0.92359 0.00000 0.07641 0.00000 ( 1)
  21 Y   0.63744 0.29287 0.04503 0.02466 ( 1)
  22 E   0.93239 0.00001 0.06759 0.00000 ( 1)
  23 N   0.00000 0.88187 0.00000 0.11813 ( 2)
  24 L   0.00000 0.88986 0.00000 0.11014 ( 2)
  25 E   0.90335 0.02313 0.07148 0.00204 ( 1)
  26 N   0.18965 0.01931 0.78885 0.00218 ( 3)
  27 S   0.00287 0.90873 0.00025 0.08815 ( 2)
  28 K   0.00000 0.90662 0.00000 0.09338 ( 2)
  29 E   0.00000 0.91148 0.00000 0.08852 ( 2)
  30 W   0.92972 0.00000 0.07028 0.00000 ( 1)
  31 T   0.05383 0.86774 0.00409 0.07435 ( 2)
  32 S   0.92282 0.00000 0.07718 0.00000 ( 1)
  33 L   0.92575 0.00000 0.07425 0.00000 ( 1)
  34 F   0.93521 0.00000 0.06479 0.00000 ( 1)
  35 D   0.93496 0.00000 0.06504 0.00000 ( 1)
  36 N   0.93411 0.00000 0.06589 0.00000 ( 1)
  37 D   0.93528 0.00000 0.06472 0.00000 ( 1)
  38 I   0.93227 0.00000 0.06773 0.00000 ( 1)
  39 P   0.90494 0.02000 0.07322 0.00184 ( 1)
  40 V   0.92904 0.00001 0.07095 0.00000 ( 1)
  41 T   0.00157 0.91889 0.00012 0.07942 ( 2)
  42 T   0.00000 0.91170 0.00000 0.08830 ( 2)
  43 D   0.00001 0.91894 0.00000 0.08105 ( 2)
  44 D   0.93525 0.00000 0.06475 0.00000 ( 1)
  45 V   0.92906 0.00001 0.07093 0.00000 ( 1)
  46 I   0.00001 0.92285 0.00000 0.07714 ( 2)
  47 E   0.16522 0.76022 0.01191 0.06265 ( 2)
  48 S   0.00000 0.90655 0.00000 0.09345 ( 2)
  49 T   0.00001 0.88491 0.00000 0.11507 ( 2)
  50 E   0.00000 0.91619 0.00000 0.08381 ( 2)
  51 E   0.00000 0.92073 0.00000 0.07927 ( 2)
  52 V   0.00000 0.90722 0.00000 0.09278 ( 2)
  53 S   0.00000 0.89183 0.00000 0.10817 ( 2)
  54 T   0.00000 0.91287 0.00000 0.08713 ( 2)
  55 T   0.00000 0.91213 0.00000 0.08787 ( 2)
  56 S   0.01765 0.89813 0.00143 0.08280 ( 2)
  57 F   0.93523 0.00000 0.06477 0.00000 ( 1)
  58 L   0.92228 0.00000 0.07772 0.00000 ( 1)
  59 P   0.92893 0.00000 0.07107 0.00000 ( 1)
  60 T   0.92906 0.00000 0.07094 0.00000 ( 1)
  61 P   0.92894 0.00000 0.07106 0.00000 ( 1)
  62 V   0.00020 0.91227 0.00002 0.08751 ( 2)
  63 L   0.88510 0.04685 0.06415 0.00390 ( 1)
  64 E   0.93242 0.00000 0.06758 0.00000 ( 1)
  65 D   0.92950 0.00565 0.06439 0.00046 ( 1)
  66 A   0.00255 0.91341 0.00021 0.08384 ( 2)
  67 K   0.00002 0.92251 0.00000 0.07747 ( 2)
  68 L   0.82909 0.08656 0.07539 0.00896 ( 1)
  69 T   0.00000 0.88463 0.00000 0.11537 ( 2)
  70 Q   0.00000 0.90985 0.00000 0.09015 ( 2)
  71 T   0.00000 0.86612 0.00000 0.13388 ( 2)
  72 D   0.00000 0.87042 0.00000 0.12958 ( 2)
  73 D   0.00000 0.90554 0.00000 0.09446 ( 2)
  74 E   0.00000 0.89310 0.00000 0.10690 ( 2)
  75 S   0.00000 0.90627 0.00000 0.09373 ( 2)
  76 R   0.93214 0.00000 0.06786 0.00000 ( 1)
  77 L   0.00001 0.91171 0.00000 0.08828 ( 2)
  78 D   0.93515 0.00000 0.06485 0.00000 ( 1)
  79 H   0.91473 0.00000 0.08527 0.00000 ( 1)
  80 L   0.92229 0.00000 0.07771 0.00000 ( 1)
  81 G   0.92904 0.00000 0.07096 0.00000 ( 1)
  82 V   0.92237 0.00000 0.07763 0.00000 ( 1)
  83 V   0.92652 0.00000 0.07348 0.00000 ( 1)
  84 A   0.00000 0.88849 0.00000 0.11151 ( 2)
  85 Y   0.92913 0.00000 0.07087 0.00000 ( 1)
  86 N   0.93527 0.00000 0.06473 0.00000 ( 1)
  87 R   0.92886 0.00000 0.07114 0.00000 ( 1)
  88 K   0.93244 0.00000 0.06756 0.00000 ( 1)
  89 Q   0.00000 0.92064 0.00000 0.07936 ( 2)
  90 R   0.92908 0.00000 0.07092 0.00000 ( 1)
  91 S   0.00100 0.89295 0.00010 0.10595 ( 2)
  92 I   0.00003 0.91791 0.00000 0.08206 ( 2)
  93 P   0.92897 0.00000 0.07103 0.00000 ( 1)
  94 L   0.92133 0.00000 0.07867 0.00000 ( 1)
  95 S   0.92903 0.00000 0.07097 0.00000 ( 1)
  96 P   0.92893 0.00000 0.07107 0.00000 ( 1)
  97 I   0.92246 0.00000 0.07754 0.00000 ( 1)
  98 V   0.66974 0.25726 0.05016 0.02284 ( 1)
  99 P   0.91008 0.01880 0.06950 0.00162 ( 1)
 100 E   0.93242 0.00000 0.06758 0.00000 ( 1)
 101 S   0.92838 0.00068 0.07088 0.00006 ( 1)
 102 S   0.93473 0.00038 0.06486 0.00003 ( 1)
 103 D   0.93530 0.00000 0.06470 0.00000 ( 1)
 104 P   0.92893 0.00000 0.07107 0.00000 ( 1)
 105 A   0.91480 0.01409 0.06987 0.00125 ( 1)
 106 A   0.16688 0.00001 0.83311 0.00000 ( 3)
 107 L   0.25068 0.00076 0.74841 0.00015 ( 3)
 108 K   0.93235 0.00000 0.06765 0.00000 ( 1)
 109 R   0.92909 0.00000 0.07091 0.00000 ( 1)
 110 A   0.92903 0.00000 0.07097 0.00000 ( 1)
 111 R   0.92909 0.00001 0.07090 0.00000 ( 1)
 112 N   0.93532 0.00000 0.06468 0.00000 ( 1)
 113 T   0.92900 0.00000 0.07100 0.00000 ( 1)
 114 E   0.93219 0.00000 0.06781 0.00000 ( 1)
 115 A   0.92902 0.00000 0.07098 0.00000 ( 1)
 116 A   0.92901 0.00000 0.07099 0.00000 ( 1)
 117 R   0.92910 0.00000 0.07090 0.00000 ( 1)
 118 R   0.92906 0.00000 0.07094 0.00000 ( 1)
 119 S   0.92894 0.00000 0.07106 0.00000 ( 1)
 120 R   0.92806 0.00000 0.07194 0.00000 ( 1)
 121 A   0.92896 0.00000 0.07104 0.00000 ( 1)
 122 R   0.92910 0.00000 0.07090 0.00000 ( 1)
 123 K   0.93222 0.00000 0.06778 0.00000 ( 1)
 124 L   0.09872 0.00000 0.90128 0.00000 ( 3)
 125 Q   0.92636 0.00000 0.07364 0.00000 ( 1)
 126 R   0.92910 0.00000 0.07090 0.00000 ( 1)
 127 M   0.94067 0.00000 0.05933 0.00000 ( 1)
 128 K   0.93381 0.00000 0.06619 0.00000 ( 1)
 129 Q   0.92963 0.00000 0.07037 0.00000 ( 1)
 130 L   0.92403 0.00000 0.07597 0.00000 ( 1)
 131 E   0.93242 0.00000 0.06758 0.00000 ( 1)
 132 D   0.37436 0.55549 0.02568 0.04447 ( 2)
 133 K   0.92497 0.00000 0.07503 0.00000 ( 1)
 134 V   0.92906 0.00000 0.07094 0.00000 ( 1)
 135 E   0.93212 0.00000 0.06788 0.00000 ( 1)
 136 E   0.78101 0.14654 0.05961 0.01284 ( 1)
 137 L   0.92213 0.00000 0.07787 0.00000 ( 1)
 138 L   0.92226 0.00000 0.07774 0.00000 ( 1)
 139 S   0.00000 0.77715 0.00000 0.22284 ( 2)
 140 K   0.91926 0.00975 0.07014 0.00085 ( 1)
 141 N   0.93493 0.00000 0.06507 0.00000 ( 1)
 142 Y   0.00000 0.91578 0.00000 0.08422 ( 2)
 143 H   0.14803 0.77693 0.01067 0.06437 ( 2)
 144 L   0.92183 0.00000 0.07817 0.00000 ( 1)
 145 E   0.93241 0.00000 0.06759 0.00000 ( 1)
 146 N   0.00000 0.80342 0.00013 0.19645 ( 2)
 147 E   0.93241 0.00000 0.06759 0.00000 ( 1)
 148 V   0.92906 0.00000 0.07094 0.00000 ( 1)
 149 A   0.00000 0.76539 0.00000 0.23461 ( 2)
 150 R   0.92910 0.00001 0.07090 0.00000 ( 1)
 151 L   0.92180 0.00000 0.07820 0.00000 ( 1)
 152 K   0.00750 0.83420 0.04140 0.11691 ( 2)
 153 K   0.00000 0.87343 0.00000 0.12657 ( 2)
 154 L   0.92381 0.00005 0.07613 0.00000 ( 1)
 155 V   0.92151 0.00000 0.07849 0.00000 ( 1)
 156 G   0.00000 0.89228 0.00000 0.10772 ( 2)
 157 E   0.00000 0.75582 0.00000 0.24418 ( 2)
 158 R   0.00000 0.88884 0.00000 0.11116 ( 2)

Ancestral reconstruction by CODONML.

(ZYRO0D091: 4.910126, (((SAKL0F050: 0.645262, (Kwal_55.2: 0.575971, KLTH0F127: 0.898378): 0.862348): 0.463498, (((TPHA0L006: 0.820552, Kpol_487.: 0.707446): 0.199303, (((ADL012C: 1.044664, Ecym_4497: 1.093023): 0.748532, KLLA0D141: 1.313472): 0.361479, TBLA0A009: 1.056616): 0.000004): 0.112110, (NCAS0I001: 0.416417, NDAI0A086: 0.516595): 0.477981): 0.054287): 0.061505, (KNAG0L008: 1.515660, (Skud_5.91: 0.201656, (Suva_5.73: 0.268976, (YEL009C: 0.211991, Smik_5.10: 0.208972): 0.104264): 0.046715): 0.460534): 0.221381): 0.105961, (CAGL0L024: 1.427128, (TDEL0H029: 2.082110, KAFR0L005: 0.868862): 0.182143): 0.130832);

(13, (((18, (20, 19)), (((11, 12), (((16, 17), 15), 10)), (8, 9))), (7, (3, (4, (1, 2))))), (5, (14, 6)));

  21..13   21..22   22..23   23..24   24..18   24..25   25..20   25..19   23..26   26..27   27..28   28..11   28..12   27..29   29..30   30..31   31..16   31..17   30..15   29..10   26..32   32..8    32..9    22..33   33..7    33..34   34..3    34..35   35..4    35..36   36..1    36..2    21..37   37..5    37..38   38..14   38..6  

tree with node labels for Rod Page's TreeView
(13_ZYRO0D091, (((18_SAKL0F050, (20_Kwal_55.2, 19_KLTH0F127) 25 ) 24 , (((11_TPHA0L006, 12_Kpol_487.) 28 , (((16_ADL012C, 17_Ecym_4497) 31 , 15_KLLA0D141) 30 , 10_TBLA0A009) 29 ) 27 , (8_NCAS0I001, 9_NDAI0A086) 32 ) 26 ) 23 , (7_KNAG0L008, (3_Skud_5.91, (4_Suva_5.73, (1_YEL009C, 2_Smik_5.10) 36 ) 35 ) 34 ) 33 ) 22 , (5_CAGL0L024, (14_TDEL0H029, 6_KAFR0L005) 38 ) 37 ) 21 ;

Nodes 21 to 38 are ancestral

(1) Marginal reconstruction of ancestral sequences
(eqn. 4 in Yang et al. 1995 Genetics 141:1641-1650).

Prob of best state at each node, listed by site

   site   Freq   Data: 

   1      1   CCA (P) CCA (P) CGA (R) CCA (P) ATG (M) TAC (Y) CCA (P) CAA (Q) CTT (L) ATG (M) TCC (S) CCA (P) CAA (Q) ATG (M) ATG (M) ATT (I) GCA (A) CAG (Q) CCT (P) CCT (P) :  CCA P 0.352 (P 0.532) CCA P 0.519 (P 0.688) CCA P 0.513 (P 0.688) CCG P 0.288 (P 0.610) CCT P 0.768 (P 0.902) CCA P 0.507 (P 0.672) CCA P 0.461 (P 0.629) CCA P 0.526 (P 0.708) CCA P 0.461 (P 0.629) CCA P 0.151 (P 0.246) ACA T 0.137 (T 0.236) CTA L 0.355 (L 0.455) CCA P 0.696 (P 0.798) CCA P 0.919 (P 0.920) CCA P 0.990 (P 0.990) CCA P 0.999 (P 0.999) CCA P 0.201 (P 0.369) CCA P 0.105 (L 0.273)
   2      1   AGT (S) AGT (S) AGT (S) AGT (S) AAA (K) AAC (N) AGT (S) AGT (S) CTT (L) TCA (S) AAT (N) AAT (N) AGT (S) TCT (S) AAC (N) TCG (S) AGT (S) TCC (S) TCT (S) TCC (S) :  AAT N 0.536 (N 0.589) AAT N 0.536 (N 0.556) AAT N 0.539 (N 0.558) TCT S 0.257 (S 0.534) TCC S 0.490 (S 0.878) AAT N 0.562 (N 0.574) AAT N 0.663 (N 0.677) AAT N 0.783 (N 0.795) AAT N 0.663 (N 0.677) AAT N 0.471 (N 0.560) AGT S 0.198 (S 0.272) AGT S 0.494 (S 0.498) AGT S 0.649 (S 0.665) AGT S 0.997 (S 0.997) AGT S 0.999 (S 0.999) AGT S 0.999 (S 1.000) AAT N 0.532 (N 0.632) AAT N 0.473 (N 0.634)
   3      1   TTA (L) TTA (L) TTA (L) TTA (L) ATG (M) ATT (I) TTA (L) TTG (L) CTG (L) ACT (T) CTA (L) TTG (L) TTA (L) GTC (V) CTA (L) ATG (M) GCG (A) ATT (I) TTA (L) CTT (L) :  TTA L 0.349 (L 0.705) TTA L 0.459 (L 0.872) TTA L 0.423 (L 0.879) TTT F 0.254 (L 0.458) TTT F 0.251 (L 0.634) TTG L 0.425 (L 0.906) TTG L 0.406 (L 0.899) TTG L 0.408 (L 0.923) TTG L 0.406 (L 0.899) TTG L 0.278 (L 0.758) ATG M 0.219 (L 0.255) TTG L 0.739 (L 0.969) TTA L 0.725 (L 0.940) TTA L 0.998 (L 0.999) TTA L 0.999 (L 1.000) TTA L 0.999 (L 1.000) TTA L 0.214 (L 0.479) ATG M 0.151 (L 0.308)
   4      1   TTT (F) TTC (F) TTT (F) TTT (F) TAC (Y) TTA (L) TTT (F) TTT (F) TTT (F) TTT (F) TTA (L) TTC (F) TTT (F) TTT (F) GAA (E) TTT (F) TTT (F) TTT (F) TTC (F) TTC (F) :  TTT F 0.946 (F 1.000) TTT F 0.985 (F 1.000) TTT F 0.986 (F 1.000) TTT F 0.907 (F 1.000) TTC F 0.861 (F 1.000) TTT F 0.987 (F 1.000) TTT F 0.970 (F 1.000) TTT F 0.843 (F 0.988) TTT F 0.970 (F 1.000) TTT F 0.938 (F 0.992) TTT F 0.963 (F 1.000) TTT F 0.996 (F 1.000) TTT F 0.989 (F 1.000) TTT F 0.999 (F 1.000) TTT F 0.998 (F 1.000) TTT F 0.967 (F 1.000) TTT F 0.895 (F 1.000) TTT F 0.871 (F 0.992)
   5      1   GAG (E) GAA (E) GAA (E) GAA (E) GAC (D) TCA (S) AAG (K) GAT (D) GAG (E) GAT (D) GAA (E) GAA (E) GAT (D) CAG (Q) GAA (E) GAT (D) CAG (Q) GAC (D) CCC (P) GAC (D) :  GAA E 0.809 (E 0.874) GAA E 0.890 (E 0.949) GAA E 0.888 (E 0.947) GAC D 0.667 (D 0.715) GAC D 0.651 (D 0.670) GAA E 0.891 (E 0.952) GAA E 0.924 (E 0.966) GAA E 0.946 (E 0.976) GAA E 0.924 (E 0.966) GAA E 0.787 (E 0.882) GAA E 0.298 (E 0.565) GAG E 0.371 (E 0.712) GAA E 0.870 (E 0.940) GAA E 0.995 (E 0.999) GAA E 0.995 (E 1.000) GAA E 0.964 (E 0.999) GAA E 0.723 (E 0.791) GAA E 0.494 (E 0.551)
   6      1   GAT (D) GAT (D) GAT (D) GAC (D) TCA (S) AAT (N) GAG (E) GAT (D) GAA (E) ACT (T) TCT (S) TCT (S) AGC (S) GTT (V) CAT (H) CAC (H) CAG (Q) GGA (G) GGG (G) GAC (D) :  GAT D 0.782 (D 0.793) GAT D 0.909 (D 0.914) GAT D 0.907 (D 0.912) GAT D 0.259 (G 0.349) GAC D 0.261 (D 0.358) GAT D 0.891 (D 0.894) GAT D 0.463 (D 0.464) TCT S 0.463 (S 0.467) GAT D 0.463 (D 0.464) CAT H 0.403 (H 0.435) CAT H 0.298 (H 0.552) GAT D 0.877 (D 0.896) GAT D 0.912 (D 0.927) GAT D 0.992 (D 0.999) GAT D 0.986 (D 0.999) GAT D 0.998 (D 1.000) GAT D 0.654 (D 0.668) GAT D 0.566 (D 0.581)
   7      1   CCA (P) CCA (P) TCA (S) CCA (P) AAC (N) AAT (N) CCC (P) CAA (Q) GAA (E) CCC (P) CCT (P) CCT (P) CCC (P) CCA (P) CCT (P) GAG (E) GAG (E) CCC (P) CCC (P) GTG (V) :  CCT P 0.289 (P 0.723) CCT P 0.368 (P 0.954) CCT P 0.384 (P 0.969) CCC P 0.585 (P 0.904) CCC P 0.241 (P 0.447) CCT P 0.417 (P 0.968) CCT P 0.593 (P 0.985) CCT P 0.729 (P 0.986) CCT P 0.593 (P 0.985) CCT P 0.421 (P 0.729) GAG E 0.364 (E 0.411) CAA Q 0.783 (Q 0.798) CCC P 0.335 (P 0.952) CCA P 0.940 (P 0.943) CCA P 0.989 (P 0.989) CCA P 0.998 (P 0.998) CCT P 0.200 (P 0.477) CCT P 0.179 (P 0.372)
   8      1   ATT (I) ATA (I) ATG (M) ATG (M) GCC (A) ACT (T) CTG (L) TTT (F) CAA (Q) TTA (L) GCT (A) GTA (V) GTG (V) ATG (M) CAT (H) GCC (A) TTA (L) CTC (L) AGC (S) ATT (I) :  ATT I 0.222 (I 0.401) ATT I 0.232 (I 0.426) ATT I 0.204 (I 0.382) ATC I 0.211 (I 0.403) ATT I 0.381 (I 0.728) ATT I 0.156 (L 0.301) GTT V 0.190 (V 0.402) GTT V 0.283 (V 0.611) GTT V 0.190 (V 0.402) GTT V 0.135 (L 0.299) TTA L 0.108 (V 0.272) CTT L 0.219 (L 0.571) ATG M 0.350 (M 0.350) ATG M 0.909 (M 0.909) ATG M 0.901 (M 0.901) ATG M 0.508 (M 0.508) ATT I 0.209 (I 0.365) ATT I 0.229 (I 0.367)
   9      1   ATC (I) ATT (I) ATT (I) ATC (I) GCA (A) ATT (I) CCC (P) ATG (M) CAA (Q) TTT (F) CTT (L) CTG (L) CCC (P) GAC (D) CTC (L) CTG (L) CTG (L) GTC (V) ACT (T) GTC (V) :  ATT I 0.259 (I 0.451) ATT I 0.258 (I 0.454) ATT I 0.221 (L 0.392) GTC V 0.400 (V 0.593) GTC V 0.354 (V 0.531) CTT L 0.311 (L 0.580) CTT L 0.521 (L 0.901) CTT L 0.552 (L 0.939) CTT L 0.521 (L 0.901) CTT L 0.349 (L 0.909) CTG L 0.640 (L 0.920) CTG L 0.236 (L 0.513) ATT I 0.284 (I 0.535) ATT I 0.577 (I 0.996) ATC I 0.503 (I 0.999) ATC I 0.503 (I 0.999) ATT I 0.266 (I 0.453) ATT I 0.304 (I 0.490)
  10      1   AAA (K) AAG (K) AAG (K) AAG (K) AAC (N) AAT (N) TCT (S) ACT (T) GAA (E) AGT (S) GCT (A) TCA (S) GGA (G) CTG (L) CAA (Q) GCG (A) GTA (V) AAA (K) GGC (G) AAG (K) :  AAA K 0.372 (K 0.537) AAA K 0.421 (K 0.585) AAA K 0.480 (K 0.596) AAA K 0.589 (K 0.745) AAG K 0.348 (K 0.500) AAA K 0.446 (K 0.525) AAA K 0.338 (K 0.386) ACA T 0.235 (T 0.403) AAA K 0.338 (K 0.386) AAA K 0.250 (K 0.301) GCA A 0.183 (A 0.304) AAA K 0.354 (K 0.389) AAG K 0.312 (K 0.579) AAG K 0.983 (K 0.997) AAG K 0.986 (K 0.999) AAG K 0.956 (K 0.999) AAT N 0.355 (K 0.473) AAT N 0.377 (N 0.457)
  11      1   GAG (E) GAG (E) GAA (E) GAA (E) GAC (D) GAA (E) GAG (E) GAA (E) GAA (E) GAT (D) GAA (E) GAA (E) TGT (C) GAC (D) GAA (E) GAT (D) GAG (E) CAA (Q) GAC (D) GGC (G) :  GAA E 0.899 (E 0.916) GAA E 0.990 (E 0.999) GAA E 0.996 (E 1.000) GAA E 0.929 (E 0.956) GAC D 0.732 (D 0.767) GAA E 0.998 (E 1.000) GAA E 0.996 (E 1.000) GAA E 0.995 (E 0.999) GAA E 0.996 (E 1.000) GAA E 0.914 (E 0.990) GAA E 0.514 (E 0.938) GAA E 0.996 (E 0.999) GAA E 0.950 (E 0.998) GAA E 0.958 (E 1.000) GAA E 0.929 (E 1.000) GAG E 0.894 (E 1.000) GAA E 0.865 (E 0.890) GAA E 0.854 (E 0.887)
  12      1   CTA (L) TTG (L) TTA (L) CTA (L) ATT (I) TTA (L) GTC (V) TTA (L) TTA (L) ATT (I) ATT (I) CTT (L) TTG (L) CAC (H) TTG (L) TTG (L) CTC (L) TTG (L) GCG (A) TCC (S) :  TTA L 0.765 (L 0.856) TTA L 0.804 (L 0.884) TTA L 0.787 (L 0.877) TTG L 0.449 (L 0.810) TCG S 0.360 (S 0.719) TTA L 0.772 (L 0.858) TTT F 0.438 (L 0.500) TTT F 0.489 (F 0.507) TTT F 0.438 (L 0.500) TTA L 0.284 (L 0.641) TTG L 0.310 (L 0.666) TTA L 0.968 (L 0.985) TTA L 0.791 (L 0.886) TTA L 0.889 (L 0.998) TTA L 0.775 (L 0.999) TTA L 0.736 (L 0.999) TTA L 0.719 (L 0.820) TTA L 0.692 (L 0.811)
  13      1   GAT (D) GAT (D) GAT (D) GAC (D) GAT (D) GAT (D) AGT (S) GAC (D) GAC (D) GAT (D) GAT (D) GAT (D) GGT (G) GAT (D) AAC (N) GAC (D) AGC (S) AAC (N) GAA (E) GAC (D) :  GAT D 0.942 (D 1.000) GAT D 0.930 (D 1.000) GAT D 0.865 (D 1.000) GAC D 0.671 (D 0.984) GAC D 0.831 (D 0.985) GAT D 0.855 (D 1.000) GAT D 0.886 (D 1.000) GAT D 0.926 (D 1.000) GAT D 0.886 (D 1.000) GAC D 0.420 (D 0.784) GAC D 0.646 (D 0.764) GAC D 0.897 (D 1.000) GAT D 0.956 (D 0.997) GAT D 0.990 (D 1.000) GAT D 0.984 (D 1.000) GAT D 0.998 (D 1.000) GAT D 0.958 (D 1.000) GAT D 0.962 (D 1.000)
  14      1   GAC (D) GCC (A) GCT (A) GCT (A) GCC (A) GCT (A) GCT (A) TCA (S) TCT (S) TCA (S) AGT (S) TCT (S) GCG (A) GGG (G) GCA (A) TCT (S) TCG (S) TCT (S) TCC (S) CCG (P) :  GCT A 0.936 (A 0.979) GCT A 0.959 (A 0.970) TCT S 0.975 (S 0.984) TCT S 0.910 (S 0.990) TCG S 0.311 (S 0.942) TCT S 0.984 (S 0.995) TCT S 0.979 (S 0.997) TCT S 0.972 (S 0.984) TCT S 0.979 (S 0.997) TCT S 0.742 (S 0.986) TCT S 0.634 (S 0.991) TCT S 0.858 (S 0.999) GCT A 0.970 (A 0.987) GCT A 0.973 (A 1.000) GCT A 0.942 (A 1.000) GCC A 0.888 (A 0.997) GCT A 0.908 (A 0.985) GCT A 0.888 (A 0.985)
  15      1   GCT (A) GCT (A) GCT (A) GCT (A) GCT (A) GAT (D) GCA (A) AAC (N) GCT (A) GCT (A) GCT (A) GCT (A) GAG (E) CTA (L) TCC (S) GCG (A) CAT (H) GCT (A) CTG (L) CTC (L) :  GCT A 0.919 (A 0.934) GCT A 0.987 (A 0.992) GCT A 0.990 (A 0.994) GCT A 0.756 (A 0.822) CTC L 0.340 (L 0.714) GCT A 0.990 (A 0.995) GCT A 0.992 (A 0.997) GCT A 0.987 (A 0.992) GCT A 0.992 (A 0.997) GCT A 0.586 (A 0.729) GCT A 0.336 (A 0.496) GCT A 0.603 (A 0.724) GCT A 0.956 (A 0.982) GCT A 0.999 (A 0.999) GCT A 1.000 (A 1.000) GCT A 0.999 (A 1.000) GCT A 0.857 (A 0.878) GCT A 0.643 (A 0.678)
  16      1   ACT (T) ACT (T) ACT (T) ACT (T) ACT (T) ACT (T) ACG (T) ACT (T) ACT (T) ACT (T) ACT (T) ACT (T) CAG (Q) ACG (T) ACC (T) ACC (T) ACT (T) TCT (S) ACG (T) ACG (T) :  ACT T 0.982 (T 1.000) ACT T 0.996 (T 1.000) ACT T 0.998 (T 1.000) ACT T 0.902 (T 0.992) ACG T 0.844 (T 1.000) ACT T 0.999 (T 1.000) ACT T 0.997 (T 1.000) ACT T 0.996 (T 1.000) ACT T 0.997 (T 1.000) ACT T 0.761 (T 1.000) ACT T 0.636 (T 1.000) ACT T 0.996 (T 1.000) ACT T 0.974 (T 1.000) ACT T 1.000 (T 1.000) ACT T 1.000 (T 1.000) ACT T 1.000 (T 1.000) ACT T 0.975 (T 1.000) ACT T 0.947 (T 1.000)
  17      1   CCA (P) CCA (P) CCG (P) CCA (P) CCA (P) CCA (P) CCG (P) CCA (P) CCA (P) CCA (P) CCA (P) CCA (P) GCG (A) CCC (P) CCA (P) CCG (P) CCT (P) CCA (P) CCT (P) CCA (P) :  CCA P 0.984 (P 1.000) CCA P 0.994 (P 1.000) CCA P 0.998 (P 1.000) CCA P 0.973 (P 1.000) CCA P 0.834 (P 1.000) CCA P 0.999 (P 1.000) CCA P 0.999 (P 1.000) CCA P 0.997 (P 1.000) CCA P 0.999 (P 1.000) CCA P 0.888 (P 1.000) CCA P 0.397 (P 1.000) CCA P 0.996 (P 1.000) CCA P 0.935 (P 1.000) CCA P 0.923 (P 1.000) CCA P 0.986 (P 1.000) CCA P 0.998 (P 1.000) CCA P 0.977 (P 1.000) CCA P 0.948 (P 1.000)
  18      1   ATG (M) ATG (M) ATG (M) ATG (M) ATG (M) ATG (M) ATG (M) ATG (M) ATG (M) TTA (L) ATG (M) ATT (I) ATG (M) ATG (M) ATT (I) CTG (L) CTG (L) ATG (M) CTG (L) ATG (M) :  ATG M 1.000 (M 1.000) ATG M 1.000 (M 1.000) ATG M 1.000 (M 1.000) ATG M 1.000 (M 1.000) ATG M 0.995 (M 0.995) ATG M 1.000 (M 1.000) ATG M 0.990 (M 0.990) ATG M 0.988 (M 0.988) ATG M 0.990 (M 0.990) ATG M 0.923 (M 0.923) CTG L 0.794 (L 0.949) ATG M 1.000 (M 1.000) ATG M 1.000 (M 1.000) ATG M 1.000 (M 1.000) ATG M 1.000 (M 1.000) ATG M 1.000 (M 1.000) ATG M 1.000 (M 1.000) ATG M 1.000 (M 1.000)
  19      1   TTT (F) TTT (F) TTT (F) TTT (F) TTC (F) TTC (F) TTT (F) TTT (F) TTT (F) TTT (F) TTC (F) TTT (F) TTC (F) TTC (F) TTC (F) TTC (F) CTA (L) TTT (F) TTC (F) TTT (F) :  TTT F 0.728 (F 1.000) TTT F 0.944 (F 1.000) TTT F 0.959 (F 1.000) TTT F 0.959 (F 1.000) TTT F 0.834 (F 1.000) TTT F 0.960 (F 1.000) TTT F 0.932 (F 1.000) TTT F 0.912 (F 1.000) TTT F 0.932 (F 1.000) TTT F 0.593 (F 0.999) TTC F 0.613 (F 0.970) TTT F 0.993 (F 1.000) TTT F 0.970 (F 1.000) TTT F 1.000 (F 1.000) TTT F 1.000 (F 1.000) TTT F 1.000 (F 1.000) TTC F 0.511 (F 1.000) TTC F 0.642 (F 1.000)
  20      1   GAG (E) GAG (E) GAA (E) GAA (E) GAC (D) GAT (D) GAG (E) GAA (E) GAA (E) GAA (E) GCT (A) GAG (E) GAA (E) GAT (D) GAA (E) GAG (E) GGG (G) GAA (E) GAG (E) GAA (E) :  GAA E 0.848 (E 0.919) GAA E 0.948 (E 1.000) GAA E 0.957 (E 1.000) GAA E 0.958 (E 1.000) GAA E 0.833 (E 1.000) GAA E 0.956 (E 1.000) GAA E 0.911 (E 1.000) GAA E 0.794 (E 0.991) GAA E 0.911 (E 1.000) GAA E 0.813 (E 1.000) GAG E 0.733 (E 0.987) GAA E 0.992 (E 1.000) GAA E 0.915 (E 1.000) GAA E 0.941 (E 1.000) GAA E 0.912 (E 1.000) GAG E 0.896 (E 1.000) GAT D 0.624 (D 0.926) GAT D 0.755 (D 0.987)
  21      1   TAT (Y) TAT (Y) TAT (Y) TAC (Y) TAC (Y) TTG (L) TAC (Y) TTT (F) TTC (F) TTT (F) TTC (F) TTC (F) TTG (L) TCG (S) TTG (L) TTC (F) TTG (L) TTT (F) CTT (L) CTT (L) :  TTT F 0.512 (F 0.961) TTT F 0.562 (F 0.988) TTT F 0.571 (F 1.000) TTT F 0.856 (F 0.991) CTT L 0.938 (L 0.977) TTT F 0.534 (F 1.000) TTC F 0.555 (F 1.000) TTC F 0.714 (F 1.000) TTC F 0.555 (F 1.000) TTC F 0.526 (F 0.846) TTC F 0.620 (F 0.835) TTT F 0.549 (F 1.000) TAT Y 0.590 (Y 0.953) TAT Y 0.935 (Y 1.000) TAT Y 0.931 (Y 1.000) TAT Y 0.992 (Y 1.000) TTC F 0.479 (F 0.942) TTG L 0.309 (F 0.601)
  22      1   GAA (E) GAA (E) GAA (E) GAA (E) GAT (D) GAT (D) GAC (D) GAA (E) GAA (E) GAA (E) GAA (E) GAA (E) GAT (D) GAT (D) GAT (D) GAG (E) GAC (D) GAA (E) GAT (D) GAA (E) :  GAT D 0.778 (D 0.868) GAA E 0.930 (E 0.935) GAA E 0.998 (E 0.999) GAA E 0.988 (E 1.000) GAA E 0.944 (E 0.990) GAA E 0.999 (E 1.000) GAA E 0.998 (E 1.000) GAA E 0.997 (E 1.000) GAA E 0.998 (E 1.000) GAA E 0.633 (E 0.771) GAG E 0.392 (E 0.758) GAA E 0.997 (E 1.000) GAA E 0.923 (E 0.935) GAA E 1.000 (E 1.000) GAA E 1.000 (E 1.000) GAA E 1.000 (E 1.000) GAT D 0.922 (D 0.994) GAT D 0.939 (D 0.999)
  23      1   AAC (N) AAC (N) AAC (N) AAC (N) GAT (D) GAA (E) AAC (N) TCA (S) TCC (S) ACT (T) GCT (A) TCT (S) CCA (P) CCC (P) AAC (N) GGT (G) GGA (G) AAC (N) GCT (A) GCC (A) :  AAC N 0.276 (N 0.368) AAC N 0.346 (N 0.443) ACC T 0.245 (T 0.326) AAC N 0.272 (N 0.316) GCC A 0.596 (A 0.788) ACC T 0.340 (T 0.495) ACT T 0.325 (T 0.515) ACT T 0.331 (T 0.441) ACT T 0.325 (T 0.515) ACT T 0.132 (T 0.246) GGT G 0.309 (G 0.569) TCC S 0.617 (S 0.891) AAC N 0.611 (N 0.688) AAC N 0.996 (N 0.997) AAC N 0.999 (N 0.999) AAC N 0.999 (N 1.000) GAC D 0.262 (D 0.369) GAC D 0.261 (D 0.363)
  24      1   CTA (L) CTA (L) CTA (L) CTA (L) AAC (N) TCT (S) GTC (V) TTA (L) CTA (L) TTA (L) TTG (L) ACT (T) CCA (P) GCT (A) CAA (Q) CTC (L) GTC (V) TTG (L) GTC (V) GTT (V) :  TTA L 0.501 (L 0.650) TTA L 0.722 (L 0.891) TTA L 0.774 (L 0.924) TTA L 0.405 (L 0.778) GTT V 0.402 (V 0.822) TTA L 0.802 (L 0.944) TTA L 0.783 (L 0.931) TTA L 0.615 (L 0.807) TTA L 0.783 (L 0.931) TTA L 0.361 (L 0.785) CTC L 0.318 (L 0.535) TTA L 0.814 (L 0.985) TTA L 0.502 (L 0.878) CTA L 0.993 (L 0.999) CTA L 0.999 (L 1.000) CTA L 0.999 (L 1.000) TTA L 0.276 (L 0.390) TTT F 0.196 (S 0.347)
  25      1   GAA (E) GAA (E) GAA (E) GAA (E) CAA (Q) CTA (L) GAA (E) GAT (D) GAC (D) AAC (N) GAA (E) GAT (D) CAG (Q) TTG (L) GAT (D) GGC (G) GAC (D) GAA (E) GAG (E) GAA (E) :  CAA Q 0.903 (Q 0.921) GAA E 0.987 (E 0.998) GAA E 0.975 (E 0.991) GAA E 0.970 (E 1.000) GAA E 0.840 (E 1.000) GAT D 0.547 (D 0.968) GAT D 0.559 (D 0.993) GAT D 0.606 (D 0.986) GAT D 0.559 (D 0.993) GAT D 0.533 (D 0.998) GAC D 0.811 (D 0.985) GAT D 0.570 (D 0.999) GAA E 0.990 (E 1.000) GAA E 1.000 (E 1.000) GAA E 1.000 (E 1.000) GAA E 1.000 (E 1.000) CAA Q 0.963 (Q 0.987) CTA L 0.839 (L 0.899)
  26      1   AAC (N) AAC (N) AAT (N) AAT (N) AAT (N) GAT (D) AAC (N) GAT (D) GAT (D) GAT (D) AAT (N) AAG (K) CAT (H) GAA (E) GGT (G) GAC (D) AAT (N) GAC (D) GAC (D) GAC (D) :  GAT D 0.937 (D 0.958) GAT D 0.937 (D 0.958) GAT D 0.976 (D 0.999) GAC D 0.714 (D 1.000) GAC D 0.948 (D 1.000) GAT D 0.988 (D 0.999) GAT D 0.989 (D 0.999) AAT N 0.753 (N 0.770) GAT D 0.989 (D 0.999) GAT D 0.945 (D 0.994) GAT D 0.765 (D 0.981) GAT D 0.996 (D 1.000) AAT N 0.875 (N 0.930) AAT N 0.953 (N 1.000) AAT N 0.924 (N 1.000) AAC N 0.895 (N 1.000) GAT D 0.938 (D 0.959) GAT D 0.959 (D 0.990)
  27      1   TCT (S) TCT (S) TCT (S) TCT (S) CCA (P) CCA (P) CCT (P) CCA (P) CCA (P) GCT (A) CCA (P) TCT (S) CAG (Q) GAA (E) GTG (V) CCT (P) CAC (H) CCA (P) CCA (P) CCT (P) :  CCA P 0.822 (P 0.950) CCA P 0.802 (P 0.965) CCA P 0.822 (P 0.976) CCA P 0.829 (P 0.964) CCA P 0.599 (P 0.954) CCA P 0.818 (P 0.976) CCA P 0.674 (P 0.945) CCA P 0.631 (P 0.905) CCA P 0.674 (P 0.945) CCA P 0.348 (P 0.723) CCT P 0.289 (P 0.664) CCA P 0.968 (P 0.988) CCT P 0.475 (P 0.785) TCT S 0.992 (S 0.994) TCT S 0.999 (S 0.999) TCT S 0.999 (S 1.000) CCA P 0.852 (P 0.939) CCA P 0.819 (P 0.891)
  28      1   AAA (K) AAA (K) AAA (K) AAG (K) GAA (E) AAC (N) GAG (E) AAG (K) AAA (K) TCA (S) AAA (K) TCT (S) GAA (E) TCC (S) GAA (E) AAG (K) AAG (K) AAG (K) CAA (Q) CAA (Q) :  AAA K 0.836 (K 0.901) AAA K 0.919 (K 0.980) AAA K 0.926 (K 0.989) AAA K 0.682 (K 0.891) CAA Q 0.835 (Q 0.876) AAA K 0.928 (K 0.989) AAA K 0.898 (K 0.947) AAA K 0.817 (K 0.860) AAA K 0.898 (K 0.947) AAA K 0.713 (K 0.848) AAG K 0.630 (K 0.870) AAA K 0.784 (K 0.984) AAA K 0.881 (K 0.953) AAA K 0.983 (K 0.999) AAA K 0.978 (K 1.000) AAA K 0.997 (K 1.000) AAA K 0.744 (K 0.808) AAA K 0.458 (K 0.524)
  29      1   GAA (E) GAA (E) GAA (E) GAA (E) AAC (N) ACC (T) AAG (K) AAT (N) CAA (Q) TCA (S) AAT (N) GAA (E) ACA (T) AAA (K) ACT (T) ACC (T) GAG (E) AGT (S) GGA (G) GGC (G) :  AAA K 0.660 (K 0.693) AAA K 0.749 (K 0.768) AAA K 0.746 (K 0.759) AGA R 0.295 (R 0.326) GGA G 0.368 (G 0.793) AAA K 0.755 (K 0.767) AAA K 0.730 (K 0.743) AAA K 0.700 (K 0.715) AAA K 0.730 (K 0.743) AAA K 0.360 (K 0.437) AAG K 0.150 (K 0.280) AAA K 0.647 (K 0.669) AAA K 0.647 (K 0.687) GAA E 0.993 (E 0.993) GAA E 0.999 (E 0.999) GAA E 0.999 (E 0.999) AAA K 0.553 (K 0.595) AAA K 0.446 (K 0.494)
  30      1   TGG (W) TGG (W) TGG (W) TGG (W) TGG (W) TGG (W) TGG (W) TGG (W) TGG (W) TGG (W) TGG (W) TGG (W) TGG (W) TGG (W) TGG (W) TGG (W) TGG (W) TGG (W) TGG (W) TGG (W) :  TGG W 1.000 (W 1.000) TGG W 1.000 (W 1.000) TGG W 1.000 (W 1.000) TGG W 1.000 (W 1.000) TGG W 1.000 (W 1.000) TGG W 1.000 (W 1.000) TGG W 1.000 (W 1.000) TGG W 1.000 (W 1.000) TGG W 1.000 (W 1.000) TGG W 1.000 (W 1.000) TGG W 1.000 (W 1.000) TGG W 1.000 (W 1.000) TGG W 1.000 (W 1.000) TGG W 1.000 (W 1.000) TGG W 1.000 (W 1.000) TGG W 1.000 (W 1.000) TGG W 1.000 (W 1.000) TGG W 1.000 (W 1.000)
  31      1   ACA (T) ACT (T) ACT (T) ACC (T) ACT (T) ACC (T) ACG (T) ACT (T) ACT (T) ACT (T) ACT (T) ACT (T) GAA (E) GGG (G) ACT (T) TCG (S) TCG (S) GGT (G) AAC (N) ACT (T) :  ACT T 0.920 (T 0.989) ACT T 0.985 (T 0.998) ACT T 0.995 (T 0.998) ACT T 0.751 (T 0.774) ACT T 0.677 (T 0.823) ACT T 0.998 (T 0.999) ACT T 0.998 (T 0.999) ACT T 0.994 (T 0.997) ACT T 0.998 (T 0.999) ACT T 0.798 (T 0.929) TCG S 0.590 (S 0.863) ACT T 0.992 (T 0.996) ACT T 0.952 (T 0.994) ACT T 0.975 (T 1.000) ACT T 0.953 (T 1.000) ACT T 0.945 (T 1.000) ACT T 0.858 (T 0.983) ACT T 0.658 (T 0.959)
  32      1   TCC (S) TCT (S) TCT (S) TCT (S) TCT (S) TCT (S) TCG (S) TCT (S) TCC (S) TCC (S) CCT (P) TCT (S) CCT (P) TCT (S) TCG (S) TCG (S) TCT (S) TCT (S) TCG (S) TCT (S) :  TCT S 0.991 (S 1.000) TCT S 0.997 (S 1.000) TCT S 0.997 (S 1.000) TCT S 0.972 (S 1.000) TCT S 0.832 (S 1.000) TCT S 0.994 (S 1.000) TCT S 0.986 (S 1.000) TCT S 0.982 (S 0.994) TCT S 0.986 (S 1.000) TCT S 0.720 (S 1.000) TCT S 0.602 (S 1.000) TCT S 0.882 (S 1.000) TCT S 0.974 (S 1.000) TCT S 0.998 (S 1.000) TCT S 0.998 (S 1.000) TCT S 0.967 (S 1.000) TCT S 0.988 (S 1.000) TCT S 0.976 (S 1.000)
  33      1   TTG (L) TTG (L) TTG (L) TTG (L) TTG (L) TTG (L) CTG (L) TTA (L) TTA (L) TTG (L) TTA (L) TTG (L) CTG (L) CTC (L) TTG (L) CTC (L) TTG (L) TTG (L) CTC (L) CTT (L) :  TTG L 0.978 (L 1.000) TTG L 0.990 (L 1.000) TTG L 0.987 (L 1.000) TTG L 0.847 (L 1.000) CTT L 0.415 (L 1.000) TTG L 0.977 (L 1.000) TTG L 0.981 (L 1.000) TTG L 0.956 (L 1.000) TTG L 0.981 (L 1.000) TTG L 0.927 (L 1.000) TTG L 0.651 (L 1.000) TTA L 0.882 (L 1.000) TTG L 0.974 (L 1.000) TTG L 1.000 (L 1.000) TTG L 1.000 (L 1.000) TTG L 1.000 (L 1.000) TTG L 0.969 (L 1.000) TTG L 0.924 (L 1.000)
  34      1   TTT (F) TTC (F) TTT (F) TTC (F) TTT (F) TTC (F) TTC (F) TTC (F) TTT (F) TTC (F) TTT (F) TTC (F) TTT (F) TTT (F) TTT (F) TTT (F) TTT (F) TTC (F) TTC (F) TTT (F) :  TTC F 0.725 (F 1.000) TTC F 0.750 (F 1.000) TTC F 0.757 (F 1.000) TTC F 0.819 (F 1.000) TTC F 0.613 (F 1.000) TTC F 0.748 (F 1.000) TTC F 0.726 (F 1.000) TTC F 0.717 (F 1.000) TTC F 0.726 (F 1.000) TTT F 0.618 (F 1.000) TTT F 0.870 (F 1.000) TTC F 0.708 (F 1.000) TTC F 0.747 (F 1.000) TTC F 0.636 (F 1.000) TTC F 0.690 (F 1.000) TTC F 0.678 (F 1.000) TTC F 0.700 (F 1.000) TTC F 0.715 (F 1.000)
  35      1   GAC (D) GAC (D) GAT (D) GAC (D) GAC (D) GAT (D) GAC (D) GAA (E) GAT (D) GAT (D) GAT (D) GAT (D) GGT (G) GAC (D) GAC (D) GAT (D) GAC (D) GAC (D) GAC (D) GAA (E) :  GAT D 0.512 (D 1.000) GAT D 0.517 (D 1.000) GAT D 0.560 (D 1.000) GAC D 0.764 (D 1.000) GAC D 0.807 (D 0.968) GAT D 0.731 (D 1.000) GAT D 0.836 (D 1.000) GAT D 0.894 (D 1.000) GAT D 0.836 (D 1.000) GAT D 0.660 (D 1.000) GAT D 0.608 (D 1.000) GAT D 0.833 (D 0.984) GAC D 0.622 (D 1.000) GAC D 0.724 (D 1.000) GAC D 0.953 (D 1.000) GAC D 0.995 (D 1.000) GAT D 0.504 (D 1.000) GAT D 0.544 (D 1.000)
  36      1   AAT (N) AAT (N) AAC (N) AAC (N) GAT (D) GAT (D) AAT (N) AAT (N) AAC (N) AAT (N) AAC (N) AAC (N) ACT (T) GAT (D) AAT (N) GAC (D) GAC (D) AAC (N) GAT (D) GAT (D) :  AAT N 0.581 (N 0.914) AAT N 0.533 (N 1.000) AAC N 0.505 (N 1.000) AAC N 0.547 (N 0.992) GAT D 0.898 (D 0.986) AAC N 0.529 (N 1.000) AAC N 0.587 (N 1.000) AAC N 0.735 (N 1.000) AAC N 0.587 (N 1.000) AAC N 0.578 (N 0.985) GAC D 0.830 (D 0.964) AAT N 0.502 (N 1.000) AAT N 0.500 (N 1.000) AAC N 0.743 (N 1.000) AAC N 0.722 (N 1.000) AAT N 0.918 (N 1.000) GAT D 0.714 (D 0.948) GAT D 0.807 (D 0.990)
  37      1   GAC (D) GAT (D) GAC (D) GAC (D) GAT (D) GAC (D) GAC (D) GAT (D) GAT (D) GAT (D) GAC (D) GAT (D) GGT (G) GAG (E) GAT (D) GAC (D) GAT (D) GAC (D) GAC (D) GAC (D) :  GAC D 0.679 (D 1.000) GAC D 0.686 (D 1.000) GAC D 0.633 (D 1.000) GAC D 0.888 (D 1.000) GAC D 0.973 (D 1.000) GAT D 0.609 (D 1.000) GAT D 0.688 (D 1.000) GAT D 0.681 (D 1.000) GAT D 0.688 (D 1.000) GAT D 0.728 (D 1.000) GAT D 0.638 (D 1.000) GAT D 0.952 (D 1.000) GAC D 0.846 (D 1.000) GAC D 0.993 (D 1.000) GAC D 0.993 (D 1.000) GAC D 0.962 (D 1.000) GAC D 0.675 (D 1.000) GAC D 0.722 (D 0.998)
  38      1   ATT (I) ATT (I) ATT (I) ATC (I) GTC (V) ATC (I) ATC (I) CTA (L) ATC (I) ATT (I) ATT (I) ATC (I) GAG (E) ATT (I) ATC (I) ATA (I) ATA (I) ATC (I) ATT (I) ATT (I) :  ATC I 0.804 (I 0.996) ATC I 0.793 (I 1.000) ATC I 0.797 (I 1.000) ATC I 0.764 (I 1.000) ATT I 0.871 (I 1.000) ATC I 0.795 (I 1.000) ATC I 0.762 (I 1.000) ATC I 0.751 (I 1.000) ATC I 0.762 (I 1.000) ATC I 0.711 (I 1.000) ATA I 0.792 (I 1.000) ATC I 0.768 (I 0.993) ATC I 0.673 (I 1.000) ATT I 0.888 (I 1.000) ATT I 0.887 (I 1.000) ATT I 0.987 (I 1.000) ATC I 0.827 (I 0.996) ATC I 0.826 (I 0.999)
  39      1   CCA (P) CCC (P) CCA (P) CCT (P) GAG (E) CCA (P) CCC (P) CCA (P) CCA (P) CCT (P) GCT (A) CCT (P) GAT (D) CCT (P) CCA (P) CCG (P) CCC (P) CCC (P) GCA (A) GCT (A) :  CCA P 0.619 (P 0.996) CCA P 0.624 (P 1.000) CCA P 0.597 (P 1.000) CCA P 0.348 (P 0.995) GCT A 0.476 (A 0.991) CCA P 0.588 (P 1.000) CCT P 0.635 (P 1.000) CCT P 0.773 (P 0.995) CCT P 0.635 (P 1.000) CCT P 0.411 (P 1.000) CCG P 0.292 (P 1.000) CCA P 0.955 (P 1.000) CCA P 0.646 (P 1.000) CCA P 0.823 (P 1.000) CCA P 0.797 (P 1.000) CCA P 0.803 (P 1.000) CCA P 0.636 (P 0.996) CCA P 0.654 (P 0.999)
  40      1   GTT (V) GTT (V) GTT (V) GTC (V) ATT (I) GTC (V) GTC (V) ATC (I) ATC (I) GTC (V) GTT (V) GTT (V) GCA (A) ATT (I) GTC (V) GTG (V) GTG (V) GTC (V) GTT (V) GTT (V) :  GTC V 0.567 (V 0.995) GTC V 0.581 (V 1.000) GTC V 0.608 (V 1.000) GTC V 0.624 (V 1.000) GTT V 0.881 (V 1.000) GTC V 0.623 (V 1.000) GTC V 0.585 (V 1.000) GTT V 0.605 (V 1.000) GTC V 0.585 (V 1.000) GTC V 0.577 (V 1.000) GTG V 0.685 (V 1.000) ATC I 0.942 (I 0.990) GTT V 0.498 (V 1.000) GTT V 0.918 (V 1.000) GTT V 0.915 (V 1.000) GTT V 0.990 (V 1.000) GTC V 0.529 (V 0.949) GTC V 0.558 (V 0.947)
